states:tensor([[ 1.0000, -0.0041,  1.0000, -0.0041]])
states:tensor([[ 1.0000, -0.0041,  1.2000, -0.0041]])
states:tensor([[ 1.2000, -0.0041,  1.2000, -0.0041]])
states:tensor([[ 1.2000, -0.0041,  1.2000, -0.0041]])
states:tensor([[ 1.2000, -0.0041,  1.2000, -0.0041]])
states:tensor([[ 1.2000, -0.0041,  1.2000, -0.0041]])
states:tensor([[ 1.2000, -0.0041,  1.2000, -0.0041]])
states:tensor([[ 1.2000, -0.0041,  1.2000, -0.0041]])
states:tensor([[ 1.2000, -0.0041,  1.2000, -0.0041]])
states:tensor([[ 1.2000, -0.0041,  1.2000, -0.0041]])
states:tensor([[ 1.2000, -0.0041,  1.2000, -0.0041]])
states:tensor([[ 1.2000, -0.0041,  1.2000, -0.0041]])
states:tensor([[ 1.2000, -0.0041,  1.2000, -0.0041]])
states:tensor([[ 1.2000, -0.0041,  1.2000, -0.0041]])
states:tensor([[ 1.2000, -0.0041,  1.2000, -0.0041]])
states:tensor([[ 1.2000, -0.0041,  1.2000, -0.0041]])
states:tensor([[ 1.2000, -0.0041,  1.2000, -0.0041]])
states:tensor([[ 1.2000, -0.0041,  1.2000, -0.0041]])
states:tensor([[ 1.2000, -0.0041,  1.2000, -0.0041]])
states:tensor([[ 1.2000, -0.0041,  1.2000, -0.0041]])
states:tensor([[ 1.2000e+00, -4.0960e-03,  1.2000e+00, -6.2005e+00]])
states:tensor([[  1.0000, -13.1385,   1.0000, -13.1385]])
states:tensor([[  1.0000, -13.7305,   1.0000, -13.7305]])
states:tensor([[  1.0000, -14.3356,   1.0000, -14.3356]])
states:tensor([[   1.2000,   -6.2005,    0.9500, -141.8600]])
states:tensor([[   1.0000,  -13.1385,    0.9500, -144.8052]])
states:tensor([[   1.0000,  -13.7305,    0.9500, -148.1398]])
states:tensor([[   1.0000,  -14.3356,    0.9500, -151.5124]])
states:tensor([[   0.9500, -141.8600,    0.9500, -407.3112]])
states:tensor([[   0.9500, -144.8052,    0.9500, -412.1649]])
states:tensor([[   0.9500, -148.1398,    0.9500, -417.6351]])
states:tensor([[   0.9500, -151.5124,    0.9500, -423.1414]])
states:tensor([[   0.9500, -407.3112,    0.9500, -783.9335]])
states:tensor([[   0.9500, -412.1649,    0.9500, -792.0686]])
states:tensor([[   0.9500, -417.6351,    0.9500, -799.4526]])
states:tensor([[   0.9500, -423.1414,    0.9500, -806.8708]])
states:tensor([[ 9.5000e-01, -7.8393e+02,  9.5000e-01, -1.1035e+03]])
states:tensor([[ 9.5000e-01, -7.9207e+02,  9.5000e-01, -1.1082e+03]])
states:tensor([[ 9.5000e-01, -7.9945e+02,  9.5000e-01, -1.1107e+03]])
states:tensor([[ 9.5000e-01, -8.0687e+02,  9.5000e-01, -1.1127e+03]])
states:tensor([[ 9.5000e-01, -1.1035e+03,  9.5000e-01, -1.1622e+03]])
states:tensor([[ 9.5000e-01, -1.1082e+03,  9.5000e-01, -1.1623e+03]])
states:tensor([[ 9.5000e-01, -1.1107e+03,  9.5000e-01, -1.1622e+03]])
states:tensor([[ 9.5000e-01, -1.1127e+03,  9.5000e-01, -1.1620e+03]])
states:tensor([[ 9.5000e-01, -1.1622e+03,  9.5000e-01, -1.1039e+03]])
states:tensor([[ 9.5000e-01, -1.1623e+03,  9.5000e-01, -1.1042e+03]])
states:tensor([[ 9.5000e-01, -1.1622e+03,  9.5000e-01, -1.1030e+03]])
states:tensor([[ 9.5000e-01, -1.1620e+03,  9.5000e-01, -1.1042e+03]])
states:tensor([[ 9.5000e-01, -1.1030e+03,  9.5000e-01, -1.0481e+03]])
states:tensor([[ 9.5000e-01, -1.1039e+03,  9.5000e-01, -1.0481e+03]])
states:tensor([[ 9.5000e-01, -1.1042e+03,  9.5000e-01, -1.0490e+03]])
states:tensor([[ 9.5000e-01, -1.1042e+03,  9.5000e-01, -1.0482e+03]])
states:tensor([[ 9.5000e-01, -1.0481e+03,  9.5000e-01, -9.9583e+02]])
states:tensor([[ 9.5000e-01, -1.0481e+03,  9.5000e-01, -9.9629e+02]])
states:tensor([[ 9.5000e-01, -1.0490e+03,  9.5000e-01, -9.9540e+02]])
states:tensor([[ 9.5000e-01, -1.0482e+03,  9.5000e-01, -9.9554e+02]])
states:tensor([[ 9.5000e-01, -9.9583e+02,  9.5000e-01, -9.4668e+02]])
states:tensor([[ 9.5000e-01, -9.9540e+02,  9.5000e-01, -9.4579e+02]])
states:tensor([[ 9.5000e-01, -9.9629e+02,  9.5000e-01, -9.4614e+02]])
states:tensor([[ 9.5000e-01, -9.9554e+02,  9.5000e-01, -9.4649e+02]])
states:tensor([[   0.9500, -946.6828,    0.9500, -898.2146]])
states:tensor([[   0.9500, -945.7905,    0.9500, -899.2629]])
states:tensor([[   0.9500, -946.1427,    0.9500, -899.1736]])
states:tensor([[   0.9500, -946.4949,    0.9500, -899.1290]])
states:tensor([[   0.9500, -898.2146,    0.9500, -853.5588]])
states:tensor([[   0.9500, -899.2629,    0.9500, -853.5059]])
states:tensor([[   0.9500, -899.1736,    0.9500, -852.8386]])
states:tensor([[   0.9500, -899.1290,    0.9500, -853.8978]])
states:tensor([[   0.9500, -853.5588,    0.9500, -810.5665]])
states:tensor([[   0.9500, -853.5059,    0.9500, -809.9730]])
states:tensor([[   0.9500, -852.8386,    0.9500, -810.0233]])
states:tensor([[   0.9500, -853.8978,    0.9500, -811.0093]])
states:tensor([[   0.9500, -810.5665,    0.9500, -769.9679]])
states:tensor([[   0.9500, -809.9730,    0.9500, -770.0348]])
states:tensor([[   0.9500, -811.0093,    0.9500, -770.0635]])
states:tensor([[   0.9500, -769.9679,    0.9500, -731.2092]])
states:tensor([[   0.9500, -770.0635,    0.9500, -731.3817]])
states:tensor([[   0.9500, -810.0233,    0.9500, -770.0444]])
states:tensor([[   0.9500, -731.3817,    0.9500, -694.6657]])
states:tensor([[   0.9500, -770.0348,    0.9500, -730.8824]])
states:tensor([[   0.9500, -731.2092,    0.9500, -694.5277]])
states:tensor([[   0.9500, -730.8824,    0.9500, -694.6226]])
states:tensor([[   0.9500, -694.6226,    0.9500, -659.7437]])
states:tensor([[   0.9500, -770.0444,    0.9500, -730.5920]])
states:tensor([[   0.9500, -694.6657,    0.9500, -659.3505]])
states:tensor([[   0.9500, -730.5920,    0.9500, -694.8641]])
states:tensor([[   0.9500, -659.3505,    0.9500, -626.4487]])
states:tensor([[   0.9500, -694.5277,    0.9500, -659.8256]])
states:tensor([[   0.9500, -694.8641,    0.9500, -659.8338]])
states:tensor([[   0.9500, -626.4487,    0.9500, -594.7375]])
states:tensor([[   0.9500, -659.8256,    0.9500, -626.6588]])
states:tensor([[   0.9500, -659.7437,    0.9500, -626.9935]])
states:tensor([[   0.9500, -659.8338,    0.9500, -626.4487]])
states:tensor([[   0.9500, -594.7375,    0.9500, -565.5126]])
states:tensor([[   0.9500, -565.5126,    0.9500, -536.5751]])
states:tensor([[   0.9500, -626.9935,    0.9500, -595.4028]])
states:tensor([[   0.9500, -536.5751,    0.9500, -509.7302]])
states:tensor([[   0.9500, -509.7302,    0.9500, -484.5157]])
states:tensor([[   0.9500, -626.6588,    0.9500, -595.6098]])
states:tensor([[   0.9500, -626.4487,    0.9500, -594.5972]])
states:tensor([[   0.9500, -595.6098,    0.9500, -565.0703]])
states:tensor([[   0.9500, -595.4028,    0.9500, -564.8737]])
states:tensor([[   0.9500, -564.8737,    0.9500, -536.5352]])
states:tensor([[   0.9500, -484.5157,    0.9500, -460.0595]])
states:tensor([[   0.9500, -594.5972,    0.9500, -565.2458]])
states:tensor([[   0.9500, -536.5352,    0.9500, -510.2814]])
states:tensor([[   0.9500, -565.0703,    0.9500, -536.6285]])
states:tensor([[   0.9500, -510.2814,    0.9500, -484.6421]])
states:tensor([[   0.9500, -565.2458,    0.9500, -536.6685]])
states:tensor([[   0.9500, -484.6421,    0.9500, -460.2653]])
states:tensor([[   0.9500, -460.0595,    0.9500, -436.8534]])
states:tensor([[   0.9500, -460.2653,    0.9500, -436.8806]])
states:tensor([[   0.9500, -436.8534,    0.9500, -415.0989]])
states:tensor([[   0.9500, -536.6285,    0.9500, -509.6415]])
states:tensor([[   0.9500, -436.8806,    0.9500, -414.9699]])
states:tensor([[   0.9500, -536.6685,    0.9500, -509.9139]])
states:tensor([[   0.9500, -415.0989,    0.9500, -394.0201]])
states:tensor([[   0.9500, -509.6415,    0.9500, -483.9560]])
states:tensor([[   0.9500, -414.9699,    0.9500, -393.9124]])
states:tensor([[   0.9500, -509.9139,    0.9500, -483.9861]])
states:tensor([[   0.9500, -394.0201,    0.9500, -374.0238]])
states:tensor([[   0.9500, -374.0238,    0.9500, -355.5314]])
states:tensor([[   0.9500, -483.9560,    0.9500, -459.1509]])
states:tensor([[   0.9500, -483.9861,    0.9500, -458.8369]])
states:tensor([[   0.9500, -355.5314,    0.9500, -335.1008]])
states:tensor([[   0.9500, -335.1008,    0.9500, -315.5947]])
states:tensor([[   0.9500, -315.5947,    0.9500, -295.0605]])
states:tensor([[   0.9500, -459.1509,    0.9500, -418.5445]])
states:tensor([[   0.9500, -458.8369,    0.9500, -418.4169]])
states:tensor([[   0.9500, -295.0605,    0.9500, -276.5047]])
states:tensor([[   0.9500, -276.5047,    0.9500, -259.7472]])
states:tensor([[   0.9500, -259.7472,    0.9500, -242.8929]])
states:tensor([[   0.9500, -418.5445,    0.9500, -377.6679]])
states:tensor([[   0.9500, -393.9124,    0.9500, -337.4937]])
states:tensor([[   0.9500, -418.4169,    0.9500, -377.3973]])
states:tensor([[   0.9500, -242.8929,    0.9500, -226.0296]])
states:tensor([[   0.9500, -226.0296,    0.9500, -209.7185]])
states:tensor([[   0.9500, -209.7185,    0.9500, -194.2011]])
states:tensor([[   0.9500, -377.6679,    0.9500, -330.6776]])
states:tensor([[   0.9500, -377.3973,    0.9500, -330.1751]])
states:tensor([[   0.9500, -194.2011,    0.9500, -179.6489]])
states:tensor([[   0.9500, -330.6776,    0.9500, -304.5968]])
states:tensor([[   0.9500, -337.4937,    0.9500, -288.4991]])
states:tensor([[   0.9500, -330.1751,    0.9500, -303.9339]])
states:tensor([[   0.9500, -179.6489,    0.9500, -163.6912]])
states:tensor([[   0.9500, -304.5968,    0.9500, -271.1425]])
states:tensor([[   0.9500, -288.4991,    0.9500, -257.2107]])
states:tensor([[   0.9500, -303.9339,    0.9500, -270.4596]])
states:tensor([[   0.9500, -163.6912,    0.9500, -145.5981]])
states:tensor([[   0.9500, -271.1425,    0.9500, -238.8941]])
states:tensor([[   0.9500, -257.2107,    0.9500, -226.4909]])
states:tensor([[   0.9500, -270.4596,    0.9500, -238.2235]])
states:tensor([[   0.9500, -145.5981,    0.9500, -128.1625]])
states:tensor([[   0.9500, -238.8941,    0.9500, -204.2321]])
states:tensor([[   0.9500, -226.4909,    0.9500, -193.6219]])
states:tensor([[   0.9500, -238.2235,    0.9500, -203.5514]])
states:tensor([[   0.9500, -128.1625,    0.9500, -109.3740]])
states:tensor([[   0.9500, -204.2321,    0.9500, -164.5527]])
states:tensor([[   0.9500, -193.6219,    0.9500, -155.8277]])
states:tensor([[   0.9500, -203.5514,    0.9500, -163.5739]])
states:tensor([[   0.9500, -109.3740,    0.9500,  -87.8264]])
states:tensor([[   0.9500, -164.5527,    0.9500, -121.4076]])
states:tensor([[   0.9500, -155.8277,    0.9500, -114.7273]])
states:tensor([[   0.9500, -163.5739,    0.9500, -120.1518]])
states:tensor([[  0.9500, -87.8264,   0.9500, -64.3722]])
states:tensor([[   0.9500, -121.4076,    0.9500,  -77.7170]])
states:tensor([[   0.9500, -114.7273,    0.9500,  -73.2669]])
states:tensor([[   0.9500, -120.1518,    0.9500,  -76.4820]])
states:tensor([[  0.9500, -64.3722,   0.9500, -40.7684]])
states:tensor([[  0.9500, -77.7170,   0.9500, -38.2353]])
states:tensor([[  0.9500, -73.2669,   0.9500, -35.8814]])
states:tensor([[  0.9500, -76.4820,   0.9500, -37.2927]])
states:tensor([[  0.9500, -40.7684,   0.9500, -19.7296]])
states:tensor([[  0.9500, -38.2353,   1.2000, -12.9339]])
states:tensor([[  0.9500, -35.8814,   1.2000, -11.9731]])
states:tensor([[  0.9500, -37.2927,   1.2000, -12.3104]])
states:tensor([[  0.9500, -19.7296,   1.2000,  -6.3975]])
states:tensor([[  1.2000, -12.9339,   1.2000,  -2.4605]])
states:tensor([[  1.2000, -11.9731,   1.2000,  -2.2807]])
states:tensor([[  1.2000, -12.3104,   1.2000,  -2.3420]])
states:tensor([[ 1.2000, -6.3975,  1.2000, -1.1877]])
states:tensor([[ 1.2000, -2.4605,  1.2000, -0.9587]])
states:tensor([[ 1.2000, -2.2807,  1.2000, -0.9113]])
states:tensor([[ 1.2000, -2.3420,  1.2000, -0.9670]])
states:tensor([[ 1.2000, -1.1877,  1.2000, -0.4975]])
states:tensor([[ 1.2000, -0.9587,  1.2000, -2.6328]])
states:tensor([[ 1.2000, -0.9113,  1.2000, -2.5647]])
states:tensor([[ 1.2000, -0.9670,  1.2000, -2.7683]])
states:tensor([[ 1.2000, -0.4975,  1.2000, -1.4898]])
states:tensor([[  1.2000,  -2.6328,   1.2000, -11.7546]])
states:tensor([[  1.2000,  -2.5647,   1.2000, -11.3853]])
states:tensor([[  1.2000,  -2.7683,   1.1000, -11.0468]])
states:tensor([[ 1.2000, -1.4898,  1.2000, -6.6497]])
states:tensor([[  1.2000, -11.7546,   0.9500, -32.2011]])
states:tensor([[  1.2000, -11.3853,   0.9500, -30.9273]])
states:tensor([[  1.1000, -11.0468,   0.9500, -30.3507]])
states:tensor([[  1.2000,  -6.6497,   0.9500, -18.0166]])
states:tensor([[  0.9500, -32.2011,   0.9500, -61.5076]])
states:tensor([[  0.9500, -30.9273,   0.9500, -58.8481]])
states:tensor([[  0.9500, -30.3507,   0.9500, -57.2866]])
states:tensor([[  0.9500, -18.0166,   0.9500, -33.9445]])
states:tensor([[  0.9500, -61.5076,   0.9500, -94.1892]])
states:tensor([[  0.9500, -58.8481,   0.9500, -89.9884]])
states:tensor([[  0.9500, -57.2866,   0.9500, -87.3450]])
states:tensor([[  0.9500, -33.9445,   0.9500, -51.6888]])
states:tensor([[   0.9500,  -94.1892,    0.9500, -126.9511]])
states:tensor([[   0.9500,  -89.9884,    0.9500, -121.0953]])
states:tensor([[   0.9500,  -87.3450,    0.9500, -117.4061]])
states:tensor([[  0.9500, -51.6888,   0.9500, -69.2715]])
states:tensor([[   0.9500, -126.9511,    0.9500, -157.0242]])
states:tensor([[   0.9500, -121.0953,    0.9500, -149.6584]])
states:tensor([[   0.9500, -117.4061,    0.9500, -144.8683]])
states:tensor([[  0.9500, -69.2715,   0.9500, -85.4617]])
states:tensor([[   0.9500, -157.0242,    0.9500, -182.7238]])
states:tensor([[   0.9500, -149.6584,    0.9500, -173.9924]])
states:tensor([[   0.9500, -144.8683,    0.9500, -168.1955]])
states:tensor([[  0.9500, -85.4617,   0.9500, -99.1606]])
states:tensor([[   0.9500, -182.7238,    0.9500, -201.9886]])
states:tensor([[   0.9500, -173.9924,    0.9500, -192.2126]])
states:tensor([[   0.9500, -168.1955,    0.9500, -185.7797]])
states:tensor([[   0.9500,  -99.1606,    0.9500, -109.4254]])
states:tensor([[   0.9500, -201.9886,    0.9500, -213.5684]])
states:tensor([[   0.9500, -192.2126,    0.9500, -203.1056]])
states:tensor([[   0.9500, -185.7797,    0.9500, -196.2419]])
states:tensor([[   0.9500, -109.4254,    0.9500, -115.5167]])
states:tensor([[   0.9500, -213.5684,    0.9500, -216.6264]])
states:tensor([[   0.9500, -203.1056,    0.9500, -205.8826]])
states:tensor([[   0.9500, -196.2419,    0.9500, -198.7660]])
states:tensor([[   0.9500, -115.5167,    0.9500, -116.9316]])
states:tensor([[   0.9500, -216.6264,    0.9500, -211.0156]])
states:tensor([[   0.9500, -205.8826,    0.9500, -200.4458]])
states:tensor([[   0.9500, -198.7660,    0.9500, -193.3875]])
states:tensor([[   0.9500, -116.9316,    0.9500, -113.6915]])
states:tensor([[   0.9500, -211.0156,    0.9500, -196.8661]])
states:tensor([[   0.9500, -200.4458,    0.9500, -186.8701]])
states:tensor([[   0.9500, -193.3875,    0.9500, -180.1480]])
states:tensor([[   0.9500, -113.6915,    0.9500, -105.8231]])
states:tensor([[   0.9500, -196.8661,    0.9500, -174.7390]])
states:tensor([[   0.9500, -186.8701,    0.9500, -165.7323]])
states:tensor([[   0.9500, -180.1480,    0.9500, -159.6291]])
states:tensor([[   0.9500, -105.8231,    0.9500,  -93.6896]])
states:tensor([[   0.9500, -174.7390,    0.9500, -146.0172]])
states:tensor([[   0.9500, -165.7323,    0.9500, -138.3576]])
states:tensor([[   0.9500, -159.6291,    0.9500, -133.1624]])
states:tensor([[  0.9500, -93.6896,   0.9500, -78.0185]])
states:tensor([[   0.9500, -146.0172,    0.9500, -112.5242]])
states:tensor([[   0.9500, -138.3576,    0.9500, -106.4319]])
states:tensor([[   0.9500, -133.1624,    0.9500, -102.3289]])
states:tensor([[  0.9500, -78.0185,   0.9500, -59.8155]])
states:tensor([[   0.9500, -112.5242,    0.9500,  -76.6827]])
states:tensor([[   0.9500, -106.4319,    0.9500,  -72.3229]])
states:tensor([[   0.9500, -102.3289,    0.9500,  -69.3731]])
states:tensor([[  0.9500, -59.8155,   0.9500, -40.4154]])
states:tensor([[  0.9500, -76.6827,   0.9500, -42.3815]])
states:tensor([[  0.9500, -72.3229,   0.9500, -39.7541]])
states:tensor([[  0.9500, -69.3731,   0.9500, -37.9620]])
states:tensor([[  0.9500, -40.4154,   0.9500, -22.0120]])
states:tensor([[  0.9500, -42.3815,   1.0500, -16.6524]])
states:tensor([[  0.9500, -39.7541,   1.1000, -16.0783]])
states:tensor([[  0.9500, -37.9620,   1.1000, -15.2502]])
states:tensor([[  0.9500, -22.0120,   1.2000,  -9.4314]])
states:tensor([[  1.0500, -16.6524,   1.2000,  -4.2127]])
states:tensor([[  1.1000, -16.0783,   1.2000,  -4.0733]])
states:tensor([[  1.1000, -15.2502,   1.2000,  -3.8492]])
states:tensor([[ 1.2000, -9.4314,  1.2000, -2.3783]])
states:tensor([[ 1.2000, -4.2127,  1.2000, -1.6675]])
states:tensor([[ 1.2000, -4.0733,  1.2000, -1.6466]])
states:tensor([[ 1.2000, -3.8492,  1.2000, -1.5809]])
states:tensor([[ 1.2000, -2.3783,  1.2000, -0.9886]])
states:tensor([[ 1.2000, -1.6675,  1.2000, -3.1724]])
states:tensor([[ 1.2000, -1.6466,  1.2000, -3.1961]])
states:tensor([[ 1.2000, -1.5809,  1.2000, -3.1545]])
states:tensor([[ 1.2000, -0.9886,  1.2000, -2.0264]])
states:tensor([[ 1.2000, -3.1724,  1.0500, -9.9703]])
states:tensor([[ 1.2000, -3.1961,  0.9500, -8.9582]])
states:tensor([[  1.2000,  -3.1545,   1.1000, -10.3976]])
states:tensor([[ 1.2000, -2.0264,  1.2000, -7.3906]])
states:tensor([[  1.0500,  -9.9703,   0.9500, -22.0227]])
states:tensor([[  0.9500,  -8.9582,   0.9500, -20.0326]])
states:tensor([[  1.1000, -10.3976,   0.9500, -22.6211]])
states:tensor([[  1.2000,  -7.3906,   0.9500, -15.9734]])
states:tensor([[  0.9500, -22.0227,   0.9500, -36.6703]])
states:tensor([[  0.9500, -20.0326,   0.9500, -33.2324]])
states:tensor([[  0.9500, -22.6211,   0.9500, -37.3277]])
states:tensor([[  0.9500, -15.9734,   0.9500, -26.3187]])
states:tensor([[  0.9500, -36.6703,   0.9500, -50.8678]])
states:tensor([[  0.9500, -33.2324,   0.9500, -45.9465]])
states:tensor([[  0.9500, -37.3277,   0.9500, -51.6093]])
states:tensor([[  0.9500, -26.3187,   0.9500, -36.2573]])
states:tensor([[  0.9500, -50.8678,   0.9500, -62.5866]])
states:tensor([[  0.9500, -45.9465,   0.9500, -56.4734]])
states:tensor([[  0.9500, -51.6093,   0.9500, -63.3879]])
states:tensor([[  0.9500, -36.2573,   0.9500, -44.4624]])
states:tensor([[  0.9500, -62.5866,   0.9500, -70.5000]])
states:tensor([[  0.9500, -56.4734,   0.9500, -63.5458]])
states:tensor([[  0.9500, -63.3879,   0.9500, -71.2320]])
states:tensor([[  0.9500, -44.4624,   0.9500, -49.9142]])
states:tensor([[  0.9500, -70.5000,   0.9500, -73.6937]])
states:tensor([[  0.9500, -63.5458,   0.9500, -66.3623]])
states:tensor([[  0.9500, -71.2320,   0.9500, -74.2803]])
states:tensor([[  0.9500, -49.9142,   0.9500, -52.0024]])
states:tensor([[  0.9500, -73.6937,   0.9500, -71.6788]])
states:tensor([[  0.9500, -66.3623,   0.9500, -64.4986]])
states:tensor([[  0.9500, -74.2803,   0.9500, -72.1217]])
states:tensor([[  0.9500, -52.0024,   0.9500, -50.4278]])
states:tensor([[  0.9500, -71.6788,   0.9500, -64.6849]])
states:tensor([[  0.9500, -64.4986,   0.9500, -58.1121]])
states:tensor([[  0.9500, -72.1217,   0.9500, -64.8499]])
states:tensor([[  0.9500, -50.4278,   0.9500, -45.3088]])
states:tensor([[  0.9500, -64.6849,   0.9500, -53.3050]])
states:tensor([[  0.9500, -58.1121,   0.9500, -47.8006]])
states:tensor([[  0.9500, -64.8499,   0.9500, -53.2735]])
states:tensor([[  0.9500, -45.3088,   0.9500, -37.1445]])
states:tensor([[  0.9500, -53.3050,   0.9500, -38.7344]])
states:tensor([[  0.9500, -47.8006,   0.9500, -34.6477]])
states:tensor([[  0.9500, -53.2735,   0.9500, -38.5124]])
states:tensor([[  0.9500, -37.1445,   0.9500, -26.7944]])
states:tensor([[  0.9500, -38.7344,   0.9500, -22.9943]])
states:tensor([[  0.9500, -34.6477,   0.9500, -20.4823]])
states:tensor([[  0.9500, -38.5124,   0.9500, -22.7187]])
states:tensor([[  0.9500, -26.7944,   0.9500, -15.6964]])
states:tensor([[  0.9500, -22.9943,   0.9500,  -8.9308]])
states:tensor([[  0.9500, -20.4823,   0.9500,  -7.8453]])
states:tensor([[  0.9500, -22.7187,   0.9500,  -8.6308]])
states:tensor([[  0.9500, -15.6964,   0.9500,  -5.8783]])
states:tensor([[ 0.9500, -8.9308,  1.2000, -1.5408]])
states:tensor([[ 0.9500, -7.8453,  1.2000, -1.3130]])
states:tensor([[ 0.9500, -8.6308,  1.2000, -1.4152]])
states:tensor([[ 0.9500, -5.8783,  1.2000, -0.9436]])
states:tensor([[ 1.2000, -1.5408,  1.2000, -0.2604]])
states:tensor([[ 1.2000, -1.3130,  1.2000, -0.2286]])
states:tensor([[ 1.2000, -1.4152,  1.2000, -0.2572]])
states:tensor([[ 1.2000, -0.9436,  1.2000, -0.1711]])
states:tensor([[ 1.2000, -0.2604,  1.2000, -1.0036]])
states:tensor([[ 1.2000, -0.2286,  1.2000, -0.9323]])
states:tensor([[ 1.2000, -0.2572,  1.2000, -1.0846]])
states:tensor([[ 1.2000, -0.1711,  1.2000, -0.7687]])
states:tensor([[ 1.2000, -1.0036,  1.2000, -6.9104]])
states:tensor([[ 1.2000, -0.9323,  1.2000, -6.3502]])
states:tensor([[ 1.2000, -1.0846,  1.2000, -7.2913]])
states:tensor([[ 1.2000, -0.7687,  1.2000, -5.1834]])
states:tensor([[  1.2000,  -6.9104,   0.9500, -23.4783]])
states:tensor([[  1.2000,  -6.3502,   0.9500, -21.4692]])
states:tensor([[  1.2000,  -7.2913,   0.9500, -24.3818]])
states:tensor([[  1.2000,  -5.1834,   0.9500, -17.2731]])
states:tensor([[  0.9500, -23.4783,   0.9500, -47.7971]])
states:tensor([[  0.9500, -21.4692,   0.9500, -43.4735]])
states:tensor([[  0.9500, -24.3818,   0.9500, -48.9763]])
states:tensor([[  0.9500, -17.2731,   0.9500, -34.6053]])
states:tensor([[  0.9500, -47.7971,   0.9500, -75.7323]])
states:tensor([[  0.9500, -43.4735,   0.9500, -68.5615]])
states:tensor([[  0.9500, -48.9763,   0.9500, -77.2187]])
states:tensor([[  0.9500, -34.6053,   0.9500, -54.4131]])
states:tensor([[   0.9500,  -75.7323,    0.9500, -103.8196]])
states:tensor([[  0.9500, -68.5615,   0.9500, -93.8776]])
states:tensor([[   0.9500,  -77.2187,    0.9500, -105.5747]])
states:tensor([[  0.9500, -54.4131,   0.9500, -74.2464]])
states:tensor([[   0.9500, -103.8196,    0.9500, -129.6174]])
states:tensor([[   0.9500,  -93.8776,    0.9500, -117.1293]])
states:tensor([[   0.9500, -105.5747,    0.9500, -131.4854]])
states:tensor([[  0.9500, -74.2464,   0.9500, -92.3190]])
states:tensor([[   0.9500, -129.6174,    0.9500, -151.3260]])
states:tensor([[   0.9500, -117.1293,    0.9500, -136.6270]])
states:tensor([[   0.9500, -131.4854,    0.9500, -153.1572]])
states:tensor([[   0.9500,  -92.3190,    0.9500, -107.5046]])
states:tensor([[   0.9500, -151.3260,    0.9500, -167.5429]])
states:tensor([[   0.9500, -136.6270,    0.9500, -151.0840]])
states:tensor([[   0.9500, -153.1572,    0.9500, -169.2442]])
states:tensor([[   0.9500, -107.5046,    0.9500, -118.7107]])
states:tensor([[   0.9500, -167.5429,    0.9500, -176.7246]])
states:tensor([[   0.9500, -151.0840,    0.9500, -159.2266]])
states:tensor([[   0.9500, -169.2442,    0.9500, -178.2774]])
states:tensor([[   0.9500, -118.7107,    0.9500, -124.9671]])
states:tensor([[   0.9500, -176.7246,    0.9500, -178.3786]])
states:tensor([[   0.9500, -159.2266,    0.9500, -160.6061]])
states:tensor([[   0.9500, -178.2774,    0.9500, -179.6137]])
states:tensor([[   0.9500, -124.9671,    0.9500, -125.8753]])
states:tensor([[   0.9500, -178.3786,    0.9500, -172.3336]])
states:tensor([[   0.9500, -160.6061,    0.9500, -155.0551]])
states:tensor([[   0.9500, -179.6137,    0.9500, -173.3183]])
states:tensor([[   0.9500, -125.8753,    0.9500, -121.3461]])
states:tensor([[   0.9500, -172.3336,    0.9500, -158.7369]])
states:tensor([[   0.9500, -155.0551,    0.9500, -142.7336]])
states:tensor([[   0.9500, -173.3183,    0.9500, -159.4285]])
states:tensor([[   0.9500, -121.3461,    0.9500, -111.5178]])
states:tensor([[   0.9500, -158.7369,    0.9500, -138.3385]])
states:tensor([[   0.9500, -142.7336,    0.9500, -124.3461]])
states:tensor([[   0.9500, -159.4285,    0.9500, -138.7973]])
states:tensor([[   0.9500, -111.5178,    0.9500,  -96.9381]])
states:tensor([[   0.9500, -138.3385,    0.9500, -112.4147]])
states:tensor([[   0.9500, -124.3461,    0.9500, -100.9003]])
states:tensor([[   0.9500, -138.7973,    0.9500, -112.4604]])
states:tensor([[  0.9500, -96.9381,   0.9500, -78.4317]])
states:tensor([[   0.9500, -112.4147,    0.9500,  -82.8380]])
states:tensor([[   0.9500, -100.9003,    0.9500,  -74.1842]])
states:tensor([[   0.9500, -112.4604,    0.9500,  -82.5133]])
states:tensor([[  0.9500, -78.4317,   0.9500, -57.4253]])
states:tensor([[  0.9500, -82.8380,   0.9500, -52.3566]])
states:tensor([[  0.9500, -74.1842,   0.9500, -46.7503]])
states:tensor([[  0.9500, -82.5133,   0.9500, -51.8173]])
states:tensor([[  0.9500, -57.4253,   0.9500, -35.8888]])
states:tensor([[  0.9500, -52.3566,   0.9500, -24.8223]])
states:tensor([[  0.9500, -46.7503,   0.9500, -21.9836]])
states:tensor([[  0.9500, -51.8173,   0.9500, -24.2791]])
states:tensor([[  0.9500, -35.8888,   0.9500, -16.6122]])
states:tensor([[  0.9500, -24.8223,   1.2000,  -7.4970]])
states:tensor([[  0.9500, -21.9836,   1.2000,  -6.5122]])
states:tensor([[  0.9500, -24.2791,   1.2000,  -7.1541]])
states:tensor([[  0.9500, -16.6122,   1.2000,  -4.8134]])
states:tensor([[ 1.2000, -7.4970,  1.2000, -1.5594]])
states:tensor([[ 1.2000, -6.5122,  1.2000, -1.3594]])
states:tensor([[ 1.2000, -7.1541,  1.2000, -1.4949]])
states:tensor([[ 1.2000, -4.8134,  1.2000, -1.0064]])
states:tensor([[ 1.2000, -1.5594,  1.2000, -1.1900]])
states:tensor([[ 1.2000, -1.3594,  1.2000, -1.0830]])
states:tensor([[ 1.2000, -1.4949,  1.2000, -1.2353]])
states:tensor([[ 1.2000, -1.0064,  1.2000, -0.8521]])
states:tensor([[ 1.2000, -1.1900,  1.2000, -4.4907]])
states:tensor([[ 1.2000, -1.0830,  1.2000, -4.1194]])
states:tensor([[ 1.2000, -1.2353,  1.2000, -4.7033]])
states:tensor([[ 1.2000, -0.8521,  1.2000, -3.3367]])
states:tensor([[  1.2000,  -4.4907,   0.9500, -14.3316]])
states:tensor([[  1.2000,  -4.1194,   0.9500, -13.0723]])
states:tensor([[  1.2000,  -4.7033,   0.9500, -14.9034]])
states:tensor([[  1.2000,  -3.3367,   0.9500, -10.5335]])
states:tensor([[  0.9500, -14.3316,   0.9500, -27.8244]])
states:tensor([[  0.9500, -13.0723,   0.9500, -25.2501]])
states:tensor([[  0.9500, -14.9034,   0.9500, -28.5406]])
states:tensor([[  0.9500, -10.5335,   0.9500, -20.1222]])
states:tensor([[  0.9500, -27.8244,   0.9500, -41.9298]])
states:tensor([[  0.9500, -25.2501,   0.9500, -37.9728]])
states:tensor([[  0.9500, -28.5406,   0.9500, -42.7563]])
states:tensor([[  0.9500, -20.1222,   0.9500, -30.0112]])
states:tensor([[  0.9500, -41.9298,   0.9500, -54.5593]])
states:tensor([[  0.9500, -37.9728,   0.9500, -49.2816]])
states:tensor([[  0.9500, -42.7563,   0.9500, -55.3024]])
states:tensor([[  0.9500, -30.0112,   0.9500, -38.8307]])
states:tensor([[  0.9500, -54.5593,   0.9500, -63.8620]])
states:tensor([[  0.9500, -49.2816,   0.9500, -57.6412]])
states:tensor([[  0.9500, -55.3024,   0.9500, -64.6172]])
states:tensor([[  0.9500, -38.8307,   0.9500, -45.3081]])
states:tensor([[  0.9500, -63.8620,   0.9500, -68.9940]])
states:tensor([[  0.9500, -57.6412,   0.9500, -62.1346]])
states:tensor([[  0.9500, -64.6172,   0.9500, -69.5721]])
states:tensor([[  0.9500, -45.3081,   0.9500, -48.7389]])
states:tensor([[  0.9500, -68.9940,   0.9500, -69.1663]])
states:tensor([[  0.9500, -62.1346,   0.9500, -62.2643]])
states:tensor([[  0.9500, -69.5721,   0.9500, -69.6679]])
states:tensor([[  0.9500, -48.7389,   0.9500, -48.7262]])
states:tensor([[  0.9500, -69.1663,   0.9500, -64.3281]])
states:tensor([[  0.9500, -62.2643,   0.9500, -57.8021]])
states:tensor([[  0.9500, -69.6679,   0.9500, -64.5813]])
states:tensor([[  0.9500, -48.7262,   0.9500, -45.1175]])
states:tensor([[  0.9500, -64.3281,   0.9500, -54.9020]])
states:tensor([[  0.9500, -57.8021,   0.9500, -49.2199]])
states:tensor([[  0.9500, -64.5813,   0.9500, -54.8984]])
states:tensor([[  0.9500, -45.1175,   0.9500, -38.2993]])
states:tensor([[  0.9500, -54.9020,   0.9500, -41.8639]])
states:tensor([[  0.9500, -49.2199,   0.9500, -37.4569]])
states:tensor([[  0.9500, -54.8984,   0.9500, -41.6728]])
states:tensor([[  0.9500, -38.2993,   0.9500, -29.0340]])
states:tensor([[  0.9500, -41.8639,   0.9500, -26.8925]])
states:tensor([[  0.9500, -37.4569,   0.9500, -24.0214]])
states:tensor([[  0.9500, -41.6728,   0.9500, -26.6440]])
states:tensor([[  0.9500, -29.0340,   0.9500, -18.4649]])
states:tensor([[  0.9500, -26.8925,   0.9500, -12.5013]])
states:tensor([[  0.9500, -24.0214,   0.9500, -11.0585]])
states:tensor([[  0.9500, -26.6440,   0.9500, -12.2041]])
states:tensor([[  0.9500, -18.4649,   0.9500,  -8.3288]])
states:tensor([[  0.9500, -12.5013,   1.2000,  -3.7764]])
states:tensor([[  0.9500, -11.0585,   1.2000,  -3.2949]])
states:tensor([[  0.9500, -12.2041,   1.2000,  -3.6177]])
states:tensor([[ 0.9500, -8.3288,  1.2000, -2.4230]])
states:tensor([[ 1.2000, -3.7764,  1.2000, -1.6394]])
states:tensor([[ 1.2000, -3.2949,  1.2000, -1.4617]])
states:tensor([[ 1.2000, -3.6177,  1.2000, -1.6345]])
states:tensor([[ 1.2000, -2.4230,  1.2000, -1.1222]])
states:tensor([[ 1.2000, -1.6394,  1.2000, -3.3970]])
states:tensor([[ 1.2000, -1.4617,  1.2000, -3.1184]])
states:tensor([[ 1.2000, -1.6345,  1.2000, -3.5468]])
states:tensor([[ 1.2000, -1.1222,  1.2000, -2.4998]])
states:tensor([[ 1.2000, -3.3970,  0.9500, -9.6649]])
states:tensor([[  1.2000,  -3.1184,   1.1000, -10.4374]])
states:tensor([[  1.2000,  -3.5468,   0.9500, -10.0024]])
states:tensor([[ 1.2000, -2.4998,  1.2000, -9.2330]])
states:tensor([[  0.9500,  -9.6649,   0.9500, -20.7364]])
states:tensor([[  1.1000, -10.4374,   0.9500, -21.8537]])
states:tensor([[  0.9500, -10.0024,   0.9500, -21.3005]])
states:tensor([[  1.2000,  -9.2330,   0.9500, -19.0622]])
states:tensor([[  0.9500, -20.7364,   0.9500, -33.6210]])
states:tensor([[  0.9500, -21.8537,   0.9500, -35.2851]])
states:tensor([[  0.9500, -21.3005,   0.9500, -34.2832]])
states:tensor([[  0.9500, -19.0622,   0.9500, -30.5302]])
states:tensor([[  0.9500, -33.6210,   0.9500, -45.7666]])
states:tensor([[  0.9500, -35.2851,   0.9500, -47.9624]])
states:tensor([[  0.9500, -34.2832,   0.9500, -46.5176]])
states:tensor([[  0.9500, -30.5302,   0.9500, -41.3426]])
states:tensor([[  0.9500, -45.7666,   0.9500, -55.4988]])
states:tensor([[  0.9500, -47.9624,   0.9500, -58.0424]])
states:tensor([[  0.9500, -46.5176,   0.9500, -56.1914]])
states:tensor([[  0.9500, -41.3426,   0.9500, -49.8691]])
states:tensor([[  0.9500, -55.4988,   0.9500, -61.5505]])
states:tensor([[  0.9500, -58.0424,   0.9500, -64.3672]])
states:tensor([[  0.9500, -56.1914,   0.9500, -62.2082]])
states:tensor([[  0.9500, -49.8691,   0.9500, -55.1348]])
states:tensor([[  0.9500, -61.5505,   0.9500, -63.4108]])
states:tensor([[  0.9500, -64.3672,   0.9500, -66.1853]])
states:tensor([[  0.9500, -62.2082,   0.9500, -63.8678]])
states:tensor([[  0.9500, -55.1348,   0.9500, -56.5819]])
states:tensor([[  0.9500, -63.4108,   0.9500, -60.6661]])
states:tensor([[  0.9500, -66.1853,   0.9500, -63.2306]])
states:tensor([[  0.9500, -63.8678,   0.9500, -60.9418]])
states:tensor([[  0.9500, -56.5819,   0.9500, -53.9354]])
states:tensor([[  0.9500, -60.6661,   0.9500, -53.4497]])
states:tensor([[  0.9500, -63.2306,   0.9500, -55.6299]])
states:tensor([[  0.9500, -60.9418,   0.9500, -53.5523]])
states:tensor([[  0.9500, -53.9354,   0.9500, -47.3302]])
states:tensor([[  0.9500, -53.4497,   0.9500, -42.5819]])
states:tensor([[  0.9500, -55.6299,   0.9500, -44.2540]])
states:tensor([[  0.9500, -53.5523,   0.9500, -42.5196]])
states:tensor([[  0.9500, -47.3302,   0.9500, -37.5221]])
states:tensor([[  0.9500, -42.5819,   0.9500, -29.3634]])
states:tensor([[  0.9500, -44.2540,   0.9500, -30.4790]])
states:tensor([[  0.9500, -42.5196,   0.9500, -29.1767]])
states:tensor([[  0.9500, -37.5221,   0.9500, -25.6650]])
states:tensor([[  0.9500, -29.3634,   0.9500, -15.7845]])
states:tensor([[  0.9500, -30.4790,   0.9500, -16.2934]])
states:tensor([[  0.9500, -29.1767,   0.9500, -15.5126]])
states:tensor([[  0.9500, -25.6650,   0.9500, -13.5297]])
states:tensor([[  0.9500, -15.7845,   1.2000,  -6.7163]])
states:tensor([[  0.9500, -16.2934,   1.2000,  -6.8696]])
states:tensor([[  0.9500, -15.5126,   1.2000,  -6.5059]])
states:tensor([[  0.9500, -13.5297,   1.2000,  -5.6509]])
states:tensor([[ 1.2000, -6.7163,  1.2000, -3.9689]])
states:tensor([[ 1.2000, -6.8696,  1.2000, -4.1301]])
states:tensor([[ 1.2000, -6.5059,  1.2000, -3.9696]])
states:tensor([[ 1.2000, -5.6509,  1.2000, -3.5036]])
states:tensor([[ 1.2000, -3.9689,  1.2000, -6.7379]])
states:tensor([[ 1.2000, -4.1301,  1.2000, -7.1179]])
states:tensor([[ 1.2000, -3.9696,  1.2000, -6.9591]])
states:tensor([[ 1.2000, -3.5036,  1.2000, -6.2073]])
states:tensor([[  1.2000,  -6.7379,   0.9500, -14.6428]])
states:tensor([[  1.2000,  -7.1179,   0.9500, -15.4477]])
states:tensor([[  1.2000,  -6.9591,   0.9500, -15.1316]])
states:tensor([[  1.2000,  -6.2073,   0.9500, -13.5054]])
states:tensor([[  0.9500, -14.6428,   0.9500, -24.5442]])
states:tensor([[  0.9500, -15.4477,   0.9500, -25.7997]])
states:tensor([[  0.9500, -15.1316,   0.9500, -25.1196]])
states:tensor([[  0.9500, -13.5054,   0.9500, -22.3637]])
states:tensor([[  0.9500, -24.5442,   0.9500, -33.7031]])
states:tensor([[  0.9500, -25.7997,   0.9500, -35.3235]])
states:tensor([[  0.9500, -25.1196,   0.9500, -34.2316]])
states:tensor([[  0.9500, -22.3637,   0.9500, -30.4356]])
states:tensor([[  0.9500, -33.7031,   0.9500, -40.6218]])
states:tensor([[  0.9500, -35.3235,   0.9500, -42.4847]])
states:tensor([[  0.9500, -34.2316,   0.9500, -41.0876]])
states:tensor([[  0.9500, -30.4356,   0.9500, -36.4786]])
states:tensor([[  0.9500, -40.6218,   0.9500, -44.2570]])
states:tensor([[  0.9500, -42.4847,   0.9500, -46.2407]])
states:tensor([[  0.9500, -41.0876,   0.9500, -44.6662]])
states:tensor([[  0.9500, -36.4786,   0.9500, -39.5924]])
states:tensor([[  0.9500, -44.2570,   0.9500, -44.1290]])
states:tensor([[  0.9500, -46.2407,   0.9500, -46.0252]])
states:tensor([[  0.9500, -44.6662,   0.9500, -44.3951]])
states:tensor([[  0.9500, -39.5924,   0.9500, -39.2993]])
states:tensor([[  0.9500, -44.1290,   0.9500, -40.1190]])
states:tensor([[  0.9500, -46.0252,   0.9500, -41.8058]])
states:tensor([[  0.9500, -44.3951,   0.9500, -40.2648]])
states:tensor([[  0.9500, -39.2993,   0.9500, -35.5841]])
states:tensor([[  0.9500, -40.1190,   0.9500, -32.6823]])
states:tensor([[  0.9500, -41.8058,   0.9500, -34.0247]])
states:tensor([[  0.9500, -40.2648,   0.9500, -32.7064]])
states:tensor([[  0.9500, -35.5841,   0.9500, -28.8312]])
states:tensor([[  0.9500, -32.6823,   0.9500, -22.9111]])
states:tensor([[  0.9500, -34.0247,   0.9500, -23.7730]])
states:tensor([[  0.9500, -32.7064,   0.9500, -22.7589]])
states:tensor([[  0.9500, -28.8312,   0.9500, -19.9813]])
states:tensor([[  0.9500, -22.9111,   0.9500, -12.3467]])
states:tensor([[  0.9500, -23.7730,   0.9500, -12.7177]])
states:tensor([[  0.9500, -22.7589,   0.9500, -12.0993]])
states:tensor([[  0.9500, -19.9813,   0.9500, -10.5595]])
states:tensor([[  0.9500, -12.3467,   1.2000,  -5.3353]])
states:tensor([[  0.9500, -12.7177,   1.2000,  -5.4654]])
states:tensor([[  0.9500, -12.0993,   1.2000,  -5.1912]])
states:tensor([[  0.9500, -10.5595,   1.2000,  -4.5213]])
states:tensor([[ 1.2000, -5.3353,  1.2000, -3.8128]])
states:tensor([[ 1.2000, -5.4654,  1.2000, -3.9823]])
states:tensor([[ 1.2000, -5.1912,  1.2000, -3.8482]])
states:tensor([[ 1.2000, -4.5213,  1.2000, -3.4046]])
states:tensor([[ 1.2000, -3.8128,  1.2000, -7.6974]])
states:tensor([[ 1.2000, -3.9823,  1.2000, -8.1132]])
states:tensor([[ 1.2000, -3.8482,  1.2000, -7.9432]])
states:tensor([[ 1.2000, -3.4046,  1.2000, -7.1240]])
states:tensor([[  1.2000,  -7.6974,   0.9500, -17.6044]])
states:tensor([[  1.2000,  -8.1132,   0.9500, -18.6015]])
states:tensor([[  1.2000,  -7.9432,   0.9500, -18.1570]])
states:tensor([[  1.2000,  -7.1240,   0.9500, -16.2568]])
states:tensor([[  0.9500, -17.6044,   0.9500, -30.6402]])
states:tensor([[  0.9500, -18.6015,   0.9500, -32.2100]])
states:tensor([[  0.9500, -18.1570,   0.9500, -31.2957]])
states:tensor([[  0.9500, -16.2568,   0.9500, -27.8552]])
states:tensor([[  0.9500, -30.6402,   0.9500, -43.5294]])
states:tensor([[  0.9500, -32.2100,   0.9500, -45.6311]])
states:tensor([[  0.9500, -31.2957,   0.9500, -44.2023]])
states:tensor([[  0.9500, -27.8552,   0.9500, -39.3122]])
states:tensor([[  0.9500, -43.5294,   0.9500, -54.3679]])
states:tensor([[  0.9500, -45.6311,   0.9500, -56.9113]])
states:tensor([[  0.9500, -44.2023,   0.9500, -55.0792]])
states:tensor([[  0.9500, -39.3122,   0.9500, -48.9436]])
states:tensor([[  0.9500, -54.3679,   0.9500, -61.9398]])
states:tensor([[  0.9500, -56.9113,   0.9500, -64.7692]])
states:tensor([[  0.9500, -55.0792,   0.9500, -62.6031]])
states:tensor([[  0.9500, -48.9436,   0.9500, -55.5508]])
states:tensor([[  0.9500, -61.9398,   0.9500, -65.2930]])
states:tensor([[  0.9500, -64.7692,   0.9500, -68.1997]])
states:tensor([[  0.9500, -55.5508,   0.9500, -58.3546]])
states:tensor([[  0.9500, -65.2930,   0.9500, -58.7529]])
states:tensor([[  0.9500, -68.1997,   0.9500, -61.0124]])
states:tensor([[  0.9500, -58.3546,   0.9500, -51.5481]])
states:tensor([[  0.9500, -58.7529,   0.9500, -29.8573]])
states:tensor([[  0.9500, -61.0124,   0.9500, -30.6914]])
states:tensor([[  0.9500, -51.5481,   0.9500, -25.3573]])
states:tensor([[  0.9500, -29.8573,   1.2000,  -9.2053]])
states:tensor([[  0.9500, -30.6914,   1.2000,  -9.3659]])
states:tensor([[  0.9500, -25.3573,   1.2000,  -7.5187]])
states:tensor([[ 1.2000, -9.2053,  1.2000, -2.0959]])
states:tensor([[ 1.2000, -9.3659,  1.2000, -2.1535]])
states:tensor([[ 1.2000, -7.5187,  1.2000, -1.7492]])
states:tensor([[ 1.2000, -2.0959,  1.2000, -0.0263]])
states:tensor([[ 1.2000, -1.7492,  1.2000, -0.0077]])
states:tensor([[ 1.2000, -0.0263,  1.2000, -0.0041]])
states:tensor([[ 1.2000, -0.0077,  1.2000, -0.0041]])
states:tensor([[ 1.2000, -0.0041,  1.2000, -0.0041]])
states:tensor([[ 1.2000, -0.0041,  1.2000, -0.0041]])
states:tensor([[ 1.2000, -0.0041,  1.2000, -0.4953]])
states:tensor([[ 1.2000, -0.0041,  1.2000, -0.5551]])
states:tensor([[  1.2000,  -0.4953,   1.2000, -10.3430]])
states:tensor([[  1.2000,  -0.5551,   1.2000, -10.0543]])
states:tensor([[  1.2000, -10.3430,   0.9500, -43.0291]])
states:tensor([[  1.2000, -10.0543,   0.9500, -40.3262]])
states:tensor([[  0.9500, -43.0291,   0.9500, -92.9047]])
states:tensor([[  0.9500, -40.3262,   0.9500, -85.2915]])
states:tensor([[   0.9500,  -92.9047,    0.9500, -151.9810]])
states:tensor([[   0.9500,  -85.2915,    0.9500, -138.1612]])
states:tensor([[   0.9500, -151.9810,    0.9500, -212.7429]])
states:tensor([[   0.9500, -138.1612,    0.9500, -192.5515]])
states:tensor([[   0.9500, -212.7429,    0.9500, -263.4297]])
states:tensor([[   0.9500, -192.5515,    0.9500, -243.6653]])
states:tensor([[   0.9500, -243.6653,    0.9500, -263.7853]])
states:tensor([[   0.9500, -263.4297,    0.9500, -305.7946]])
states:tensor([[   0.9500, -263.7853,    0.9500, -258.6595]])
states:tensor([[   0.9500, -305.7946,    0.9500, -287.9567]])
states:tensor([[   0.9500, -258.6595,    0.9500, -240.6123]])
states:tensor([[   0.9500, -287.9567,    0.9500, -268.2543]])
states:tensor([[   0.9500, -240.6123,    0.9500, -228.6348]])
states:tensor([[   0.9500, -268.2543,    0.9500, -137.3911]])
states:tensor([[   0.9500, -137.3911,    1.0000,  -33.1943]])
states:tensor([[ 1.0000e+00, -3.3194e+01,  1.2000e+00, -4.0960e-03]])
states:tensor([[ 1.2000, -0.0041,  1.2000, -0.0041]])
states:tensor([[ 1.2000, -0.0041,  1.2000, -0.0041]])
states:tensor([[ 1.2000, -0.0041,  1.2000, -0.0041]])
states:tensor([[ 1.2000, -0.0041,  1.2000, -0.0041]])
states:tensor([[ 1.2000, -0.0041,  1.2000, -0.0041]])
states:tensor([[ 1.2000, -0.0041,  1.2000, -0.0041]])
states:tensor([[ 1.2000, -0.0041,  1.2000, -0.0041]])
states:tensor([[ 1.2000, -0.0041,  1.2000, -0.0041]])
states:tensor([[ 1.2000, -0.0041,  1.2000, -0.0041]])
states:tensor([[ 1.2000, -0.0041,  1.2000, -0.0041]])
states:tensor([[ 1.2000, -0.0041,  1.2000, -0.0041]])
states:tensor([[ 1.2000, -0.0041,  1.2000, -0.0041]])
states:tensor([[ 1.2000, -0.0041,  1.2000, -0.0041]])
states:tensor([[ 1.2000, -0.0041,  1.2000, -0.0041]])
states:tensor([[ 1.2000, -0.0041,  1.2000, -0.0041]])
states:tensor([[ 1.2000, -0.0041,  1.2000, -0.0041]])
states:tensor([[ 1.2000, -0.0041,  1.2000, -0.0041]])
states:tensor([[ 1.2000, -0.0041,  1.2000, -0.0041]])
states:tensor([[ 1.2000, -0.0041,  1.2000, -0.0041]])
states:tensor([[ 1.2000, -0.0041,  1.2000, -0.0041]])
states:tensor([[ 1.2000, -0.0041,  1.2000, -0.0041]])
states:tensor([[ 1.2000, -0.0041,  1.2000, -0.0041]])
states:tensor([[ 1.2000, -0.0041,  1.2000, -0.0041]])
states:tensor([[ 1.2000, -0.0041,  1.2000, -0.0041]])
states:tensor([[ 1.2000, -0.0041,  1.2000, -0.0041]])
states:tensor([[ 1.2000, -0.0041,  1.2000, -0.0041]])
states:tensor([[ 1.2000, -0.0041,  1.2000, -0.0041]])
states:tensor([[ 1.2000, -0.0041,  1.2000, -0.0041]])
states:tensor([[ 1.2000, -0.0041,  1.2000, -0.0041]])
states:tensor([[ 1.2000, -0.0041,  1.2000, -0.0041]])
states:tensor([[ 1.2000, -0.0041,  1.2000, -0.0041]])
states:tensor([[ 1.2000, -0.0041,  1.2000, -0.0041]])
states:tensor([[ 1.2000, -0.0041,  1.2000, -0.0041]])
states:tensor([[ 1.2000, -0.0041,  1.2000, -0.0041]])
states:tensor([[ 1.2000, -0.0041,  1.2000, -0.0041]])
states:tensor([[ 1.2000, -0.0041,  1.2000, -0.0041]])
states:tensor([[ 1.2000, -0.0041,  1.2000, -0.0041]])
states:tensor([[ 1.2000, -0.0041,  1.2000, -0.0041]])
states:tensor([[ 1.2000, -0.0041,  1.2000, -0.0041]])
states:tensor([[ 1.2000, -0.0041,  1.2000, -0.0041]])
states:tensor([[ 1.2000, -0.0041,  1.2000, -0.0041]])
states:tensor([[ 1.2000, -0.0041,  1.2000, -0.0041]])
states:tensor([[ 1.2000, -0.0041,  1.2000, -0.0041]])
states:tensor([[ 1.2000, -0.0041,  1.2000, -0.0041]])
states:tensor([[ 1.2000, -0.0041,  1.2000, -0.0041]])
states:tensor([[ 1.2000, -0.0041,  1.2000, -0.0041]])
states:tensor([[ 1.2000, -0.0041,  1.2000, -0.0041]])
states:tensor([[ 1.2000, -0.0041,  1.2000, -0.0041]])
states:tensor([[ 1.2000, -0.0041,  1.2000, -0.0041]])
states:tensor([[ 1.2000, -0.0041,  1.2000, -0.0041]])
states:tensor([[ 1.2000, -0.0041,  1.2000, -0.0041]])
states:tensor([[ 1.2000, -0.0041,  1.2000, -0.0041]])
states:tensor([[ 1.2000, -0.0041,  1.2000, -0.0041]])
states:tensor([[ 1.2000, -0.0041,  1.2000, -0.0041]])
states:tensor([[ 1.2000, -0.0041,  1.2000, -0.0041]])
states:tensor([[ 1.2000, -0.0041,  1.2000, -0.0041]])
states:tensor([[ 1.2000, -0.0041,  1.2000, -0.0041]])
states:tensor([[ 1.2000, -0.0041,  1.2000, -0.0041]])
states:tensor([[ 1.2000, -0.0041,  1.2000, -0.0041]])
states:tensor([[ 1.2000, -0.0041,  1.2000, -0.0041]])
states:tensor([[ 1.2000, -0.0041,  1.2000, -0.0041]])
states:tensor([[ 1.2000, -0.0041,  1.2000, -0.0041]])
states:tensor([[ 1.2000, -0.0041,  1.2000, -0.0041]])
states:tensor([[ 1.2000, -0.0041,  1.2000, -0.0041]])
states:tensor([[ 1.2000, -0.0041,  1.2000, -0.0041]])
states:tensor([[ 1.2000, -0.0041,  1.2000, -0.0041]])
states:tensor([[ 1.2000, -0.0041,  1.2000, -0.0041]])
states:tensor([[ 1.2000, -0.0041,  1.2000, -0.0041]])
states:tensor([[ 1.2000, -0.0041,  1.2000, -0.0041]])
states:tensor([[ 1.2000, -0.0041,  1.2000, -0.0041]])
states:tensor([[ 1.2000, -0.0041,  1.2000, -0.0041]])
states:tensor([[ 1.2000, -0.0041,  1.2000, -0.0041]])
states:tensor([[ 1.2000, -0.0041,  1.2000, -0.0041]])
states:tensor([[ 1.2000, -0.0041,  1.2000, -0.0041]])
states:tensor([[ 1.2000, -0.0041,  1.2000, -0.0041]])
states:tensor([[ 1.2000, -0.0041,  1.2000, -0.0041]])
states:tensor([[ 1.2000, -0.0041,  1.2000, -0.0041]])
states:tensor([[ 1.2000, -0.0041,  1.2000, -0.0041]])
states:tensor([[ 1.2000, -0.0041,  1.2000, -0.0041]])
states:tensor([[ 1.2000, -0.0041,  1.2000, -0.0041]])
states:tensor([[ 1.2000, -0.0041,  1.2000, -0.0041]])
states:tensor([[ 1.2000, -0.0041,  1.2000, -0.0041]])
states:tensor([[ 1.2000, -0.0041,  1.2000, -0.0041]])
states:tensor([[ 1.2000, -0.0041,  1.2000, -0.0041]])
states:tensor([[ 1.2000, -0.0041,  1.2000, -0.0041]])
states:tensor([[ 1.2000, -0.0041,  1.2000, -0.0041]])
states:tensor([[ 1.2000, -0.0041,  1.2000, -0.0041]])
states:tensor([[ 1.2000, -0.0041,  1.2000, -0.0041]])
states:tensor([[ 1.2000, -0.0041,  1.2000, -0.0041]])
states:tensor([[ 1.2000, -0.0041,  1.2000, -0.0041]])
states:tensor([[ 1.2000, -0.0041,  1.2000, -0.0041]])
states:tensor([[ 1.2000, -0.0041,  1.2000, -0.0041]])
states:tensor([[ 1.2000, -0.0041,  1.2000, -0.0041]])
states:tensor([[ 1.2000, -0.0041,  1.2000, -0.0041]])
states:tensor([[ 1.2000, -0.0041,  1.2000, -0.0041]])
states:tensor([[ 1.2000, -0.0041,  1.2000, -0.0041]])
states:tensor([[ 1.2000, -0.0041,  1.2000, -0.0041]])
states:tensor([[ 1.2000, -0.0041,  1.2000, -0.0041]])
states:tensor([[ 1.2000, -0.0041,  1.2000, -0.0041]])
states:tensor([[ 1.2000, -0.0041,  1.2000, -0.0041]])
states:tensor([[ 1.2000, -0.0041,  1.2000, -0.0041]])
states:tensor([[ 1.2000, -0.0041,  1.2000, -0.0041]])
states:tensor([[ 1.2000, -0.0041,  1.2000, -0.0041]])
states:tensor([[ 1.2000, -0.0041,  1.2000, -0.0041]])
states:tensor([[ 1.2000, -0.0041,  1.2000, -0.0041]])
states:tensor([[ 1.2000, -0.0041,  1.2000, -0.0041]])
states:tensor([[ 1.2000, -0.0041,  1.2000, -0.0041]])
states:tensor([[ 1.2000, -0.0041,  1.2000, -0.0041]])
states:tensor([[ 1.2000, -0.0041,  1.2000, -0.0041]])
states:tensor([[ 1.2000, -0.0041,  1.2000, -0.0041]])
states:tensor([[ 1.2000, -0.0041,  1.2000, -0.0041]])
states:tensor([[ 1.2000, -0.0041,  1.2000, -0.0041]])
states:tensor([[ 1.2000, -0.0041,  1.2000, -0.0041]])
states:tensor([[ 1.2000, -0.0041,  1.2000, -0.0041]])
states:tensor([[ 1.2000, -0.0041,  1.2000, -0.0041]])
states:tensor([[ 1.2000, -0.0041,  1.2000, -0.0041]])
states:tensor([[ 1.2000, -0.0041,  1.2000, -0.0041]])
states:tensor([[ 1.2000, -0.0041,  1.2000, -0.0041]])
states:tensor([[ 1.2000, -0.0041,  1.2000, -0.0041]])
states:tensor([[ 1.2000, -0.0041,  1.2000, -0.0041]])
states:tensor([[ 1.2000, -0.0041,  1.2000, -0.0041]])
states:tensor([[ 1.2000, -0.0041,  1.2000, -0.0041]])
states:tensor([[ 1.2000, -0.0041,  1.2000, -0.0041]])
states:tensor([[ 1.2000, -0.0041,  1.2000, -0.0041]])
states:tensor([[ 1.2000, -0.0041,  1.2000, -0.0041]])
states:tensor([[ 1.2000, -0.0041,  1.2000, -0.0041]])
states:tensor([[ 1.2000, -0.0041,  1.2000, -0.0041]])
states:tensor([[ 1.2000, -0.0041,  1.2000, -0.0041]])
states:tensor([[ 1.2000, -0.0041,  1.2000, -0.0041]])
states:tensor([[ 1.2000, -0.0041,  1.2000, -0.0041]])
states:tensor([[ 1.2000, -0.0041,  1.2000, -0.0041]])
states:tensor([[ 1.2000, -0.0041,  1.2000, -0.0041]])
states:tensor([[ 1.2000, -0.0041,  1.2000, -0.0041]])
states:tensor([[ 1.2000, -0.0041,  1.2000, -0.0041]])
states:tensor([[ 1.2000, -0.0041,  1.2000, -0.0041]])
states:tensor([[ 1.2000, -0.0041,  1.2000, -0.0041]])
states:tensor([[ 1.2000, -0.0041,  1.2000, -0.0041]])
states:tensor([[ 1.2000, -0.0041,  1.2000, -0.0041]])
states:tensor([[ 1.2000, -0.0041,  1.2000, -0.0041]])
states:tensor([[ 1.2000, -0.0041,  1.2000, -0.0041]])
states:tensor([[ 1.2000, -0.0041,  1.2000, -0.0041]])
states:tensor([[ 1.2000, -0.0041,  1.2000, -0.0041]])
states:tensor([[ 1.2000, -0.0041,  1.2000, -0.0041]])
states:tensor([[ 1.2000, -0.0041,  1.2000, -0.0041]])
states:tensor([[ 1.2000, -0.0041,  1.2000, -0.0041]])
states:tensor([[ 1.2000, -0.0041,  1.2000, -0.0041]])
states:tensor([[ 1.2000, -0.0041,  1.2000, -0.0041]])
states:tensor([[ 1.2000, -0.0041,  1.2000, -0.0041]])
states:tensor([[ 1.2000, -0.0041,  1.2000, -0.0041]])
states:tensor([[ 1.2000, -0.0041,  1.2000, -0.0041]])
states:tensor([[ 1.2000, -0.0041,  1.2000, -0.0041]])
states:tensor([[ 1.2000, -0.0041,  1.2000, -0.0041]])
states:tensor([[ 1.2000, -0.0041,  1.2000, -0.0041]])
states:tensor([[ 1.2000, -0.0041,  1.2000, -0.0041]])
states:tensor([[ 1.2000, -0.0041,  1.2000, -0.0041]])
states:tensor([[ 1.2000, -0.0041,  1.2000, -0.0041]])
states:tensor([[ 1.2000, -0.0041,  1.2000, -0.0041]])
states:tensor([[ 1.2000, -0.0041,  1.2000, -0.0041]])
states:tensor([[ 1.2000, -0.0041,  1.2000, -0.0041]])
states:tensor([[ 1.2000, -0.0041,  1.2000, -0.0041]])
states:tensor([[ 1.2000, -0.0041,  1.2000, -0.0041]])
states:tensor([[ 1.2000, -0.0041,  1.2000, -0.0041]])
states:tensor([[ 1.2000, -0.0041,  1.2000, -0.0041]])
states:tensor([[ 1.2000, -0.0041,  1.2000, -0.0041]])
states:tensor([[ 1.2000, -0.0041,  1.2000, -0.0041]])
states:tensor([[ 1.2000, -0.0041,  1.2000, -0.0041]])
states:tensor([[ 1.2000, -0.0041,  1.2000, -0.0041]])
states:tensor([[ 1.2000, -0.0041,  1.2000, -0.0041]])
states:tensor([[ 1.2000, -0.0041,  1.2000, -0.0041]])
states:tensor([[ 1.2000, -0.0041,  1.2000, -0.0041]])
states:tensor([[ 1.2000, -0.0041,  1.2000, -0.0041]])
states:tensor([[ 1.2000, -0.0041,  1.2000, -0.0041]])
states:tensor([[ 1.2000, -0.0041,  1.2000, -0.0041]])
states:tensor([[ 1.2000, -0.0041,  1.2000, -0.0041]])
states:tensor([[ 1.2000, -0.0041,  1.2000, -0.0041]])
states:tensor([[ 1.2000, -0.0041,  1.2000, -0.0041]])
states:tensor([[ 1.2000, -0.0041,  1.2000, -0.0041]])
states:tensor([[ 1.2000, -0.0041,  1.2000, -0.0041]])
states:tensor([[ 1.2000, -0.0041,  1.2000, -0.0041]])
states:tensor([[ 1.2000, -0.0041,  1.2000, -0.0041]])
states:tensor([[ 1.2000, -0.0041,  1.2000, -0.0041]])
states:tensor([[ 1.2000, -0.0041,  1.2000, -0.0041]])
states:tensor([[ 1.2000, -0.0041,  1.2000, -0.0041]])
states:tensor([[ 1.2000, -0.0041,  1.2000, -0.0041]])
states:tensor([[ 1.2000, -0.0041,  1.2000, -0.0041]])
states:tensor([[ 1.2000, -0.0041,  1.2000, -0.0041]])
states:tensor([[ 1.2000, -0.0041,  1.2000, -0.0041]])
states:tensor([[ 1.2000, -0.0041,  1.2000, -0.0041]])
states:tensor([[ 1.2000, -0.0041,  1.2000, -0.0041]])
states:tensor([[ 1.2000, -0.0041,  1.2000, -0.0041]])
states:tensor([[ 1.2000, -0.0041,  1.2000, -0.0041]])
states:tensor([[ 1.2000, -0.0041,  1.2000, -0.0041]])
states:tensor([[ 1.2000, -0.0041,  1.2000, -0.0041]])
states:tensor([[ 1.2000, -0.0041,  1.2000, -0.0041]])
states:tensor([[ 1.2000, -0.0041,  1.2000, -0.0041]])
states:tensor([[ 1.2000, -0.0041,  1.2000, -0.0041]])
states:tensor([[ 1.2000, -0.0041,  1.2000, -0.0041]])
states:tensor([[ 1.2000, -0.0041,  1.2000, -0.0041]])
states:tensor([[ 1.2000, -0.0041,  1.2000, -0.0041]])
states:tensor([[ 1.2000, -0.0041,  1.2000, -0.0041]])
states:tensor([[ 1.2000, -0.0041,  1.2000, -0.0041]])
states:tensor([[ 1.2000, -0.0041,  1.2000, -0.0041]])
states:tensor([[ 1.2000, -0.0041,  1.2000, -0.0041]])
states:tensor([[ 1.2000, -0.0041,  1.2000, -0.0041]])
states:tensor([[ 1.2000, -0.0041,  1.2000, -0.0041]])
states:tensor([[ 1.2000, -0.0041,  1.2000, -0.0041]])
states:tensor([[ 1.2000, -0.0041,  1.2000, -0.0041]])
states:tensor([[ 1.2000, -0.0041,  1.2000, -0.0041]])
states:tensor([[ 1.2000, -0.0041,  1.2000, -0.0041]])
states:tensor([[ 1.2000, -0.0041,  1.2000, -0.0041]])
states:tensor([[ 1.2000, -0.0041,  1.2000, -0.0041]])
states:tensor([[ 1.2000, -0.0041,  1.2000, -0.0041]])
states:tensor([[ 1.2000, -0.0041,  1.2000, -0.0041]])
states:tensor([[ 1.2000, -0.0041,  1.2000, -0.0041]])
states:tensor([[ 1.2000, -0.0041,  1.2000, -0.0041]])
states:tensor([[ 1.2000, -0.0041,  1.2000, -0.0041]])
states:tensor([[ 1.2000, -0.0041,  1.2000, -0.0041]])
states:tensor([[ 1.2000, -0.0041,  1.2000, -0.0041]])
states:tensor([[ 1.2000, -0.0041,  1.2000, -0.0041]])
states:tensor([[ 1.2000, -0.0041,  1.2000, -0.0041]])
states:tensor([[ 1.2000, -0.0041,  1.2000, -0.0041]])
states:tensor([[ 1.2000, -0.0041,  1.2000, -0.0041]])
states:tensor([[ 1.2000, -0.0041,  1.2000, -0.0041]])
states:tensor([[ 1.2000, -0.0041,  1.2000, -0.0041]])
states:tensor([[ 1.2000, -0.0041,  1.2000, -0.0041]])
states:tensor([[ 1.2000, -0.0041,  1.2000, -0.0041]])
states:tensor([[ 1.2000, -0.0041,  1.2000, -0.0041]])
states:tensor([[ 1.2000, -0.0041,  1.2000, -0.0041]])
states:tensor([[ 1.2000, -0.0041,  1.2000, -0.0041]])
states:tensor([[ 1.2000, -0.0041,  1.2000, -0.0041]])
states:tensor([[ 1.2000, -0.0041,  1.2000, -0.0041]])
states:tensor([[ 1.2000, -0.0041,  1.2000, -0.0041]])
states:tensor([[ 1.2000, -0.0041,  1.2000, -0.0041]])
states:tensor([[ 1.2000, -0.0041,  1.2000, -0.0041]])
states:tensor([[ 1.2000, -0.0041,  1.2000, -0.0041]])
states:tensor([[ 1.2000, -0.0041,  1.2000, -0.0041]])
states:tensor([[ 1.2000, -0.0041,  1.2000, -0.0041]])
states:tensor([[ 1.2000, -0.0041,  1.2000, -0.0041]])
states:tensor([[ 1.2000, -0.0041,  1.2000, -0.0041]])
states:tensor([[ 1.2000, -0.0041,  1.2000, -0.0041]])
states:tensor([[ 1.2000, -0.0041,  1.2000, -0.0041]])
states:tensor([[ 1.2000, -0.0041,  1.2000, -0.0041]])
states:tensor([[ 1.2000, -0.0041,  1.2000, -0.0041]])
states:tensor([[ 1.2000, -0.0041,  1.2000, -0.0041]])
states:tensor([[ 1.2000, -0.0041,  1.2000, -0.0041]])
states:tensor([[ 1.2000, -0.0041,  1.2000, -0.0041]])
states:tensor([[ 1.2000, -0.0041,  1.2000, -0.0041]])
states:tensor([[ 1.2000, -0.0041,  1.2000, -0.0041]])
states:tensor([[ 1.2000, -0.0041,  1.2000, -0.0041]])
states:tensor([[ 1.2000, -0.0041,  1.2000, -0.0041]])
states:tensor([[ 1.2000, -0.0041,  1.2000, -0.0041]])
states:tensor([[ 1.2000, -0.0041,  1.2000, -0.0041]])
states:tensor([[ 1.2000, -0.0041,  1.2000, -0.0041]])
states:tensor([[ 1.2000, -0.0041,  1.2000, -0.0041]])
states:tensor([[ 1.2000, -0.0041,  1.2000, -0.0041]])
states:tensor([[ 1.2000, -0.0041,  1.2000, -0.0041]])
states:tensor([[ 1.2000, -0.0041,  1.2000, -0.0041]])
states:tensor([[ 1.2000, -0.0041,  1.2000, -0.0041]])
states:tensor([[ 1.2000, -0.0041,  1.2000, -0.0041]])
states:tensor([[ 1.2000, -0.0041,  1.2000, -0.0041]])
states:tensor([[ 1.2000, -0.0041,  1.2000, -0.0041]])
states:tensor([[ 1.2000, -0.0041,  1.2000, -0.0041]])
states:tensor([[ 1.2000, -0.0041,  1.2000, -0.0041]])
states:tensor([[ 1.2000, -0.0041,  1.2000, -0.0041]])
states:tensor([[ 1.2000, -0.0041,  1.2000, -0.0041]])
states:tensor([[ 1.2000, -0.0041,  1.2000, -0.0041]])
states:tensor([[ 1.2000, -0.0041,  1.2000, -0.0041]])
states:tensor([[ 1.2000, -0.0041,  1.2000, -0.0041]])
states:tensor([[ 1.2000, -0.0041,  1.2000, -0.0041]])
states:tensor([[ 1.2000, -0.0041,  1.2000, -0.0041]])
states:tensor([[ 1.2000, -0.0041,  1.2000, -0.0041]])
states:tensor([[ 1.2000, -0.0041,  1.2000, -0.0041]])
states:tensor([[ 1.2000, -0.0041,  1.2000, -0.0041]])
states:tensor([[ 1.2000, -0.0041,  1.2000, -0.0041]])
