states:tensor([[ 1.0000, -0.0041,  1.0000, -0.0041]])
states:tensor([[ 1.0000, -0.0041,  1.0000, -0.0041]])
states:tensor([[ 1.0000, -0.0041,  1.0000, -0.0041]])
states:tensor([[ 1.0000, -0.0041,  1.0000, -0.0041]])
states:tensor([[ 1.0000, -0.0041,  1.0000, -0.0041]])
states:tensor([[ 1.0000, -0.0041,  1.0000, -0.0041]])
states:tensor([[ 1.0000, -0.0041,  1.0000, -0.0041]])
states:tensor([[ 1.0000, -0.0041,  1.0000, -0.0041]])
states:tensor([[ 1.0000, -0.0041,  1.0000, -0.0041]])
states:tensor([[ 1.0000, -0.0041,  1.0000, -0.0041]])
states:tensor([[ 1.0000, -0.0041,  1.0000, -0.0041]])
states:tensor([[ 1.0000, -0.0041,  1.0000, -0.0041]])
states:tensor([[ 1.0000, -0.0041,  1.0000, -0.0041]])
states:tensor([[ 1.0000, -0.0041,  1.0000, -0.0041]])
states:tensor([[ 1.0000, -0.0041,  1.0000, -0.0041]])
states:tensor([[ 1.0000, -0.0041,  1.0000, -0.0041]])
states:tensor([[ 1.0000, -0.0041,  1.0000, -0.0041]])
states:tensor([[ 1.0000, -0.0041,  1.0000, -0.0041]])
states:tensor([[ 1.0000, -0.0041,  1.0000, -0.0041]])
states:tensor([[ 1.0000, -0.0041,  1.0000, -0.0041]])
states:tensor([[ 1.0000e+00, -4.0960e-03,  1.0000e+00, -6.2005e+00]])
states:tensor([[  1.0000, -13.1385,   1.0000, -13.1385]])
states:tensor([[  1.0000, -13.7305,   1.0000, -13.7305]])
states:tensor([[  1.0000, -14.3356,   1.0000, -14.3356]])
states:tensor([[   1.0000,   -6.2005,    1.0500, -149.3669]])
states:tensor([[   1.0000,  -13.1385,    1.0500, -152.4676]])
states:tensor([[   1.0000,  -13.7305,    1.0500, -155.9782]])
states:tensor([[   1.0000,  -14.3356,    1.0500, -159.5288]])
states:tensor([[   1.0500, -149.3669,    1.0500, -451.4579]])
states:tensor([[   1.0500, -152.4676,    1.0500, -456.8368]])
states:tensor([[   1.0500, -155.9782,    1.0500, -462.8990]])
states:tensor([[   1.0500, -159.5288,    1.0500, -469.0011]])
states:tensor([[   1.0500, -451.4579,    1.0500, -914.6519]])
states:tensor([[   1.0500, -456.8368,    1.0500, -924.1419]])
states:tensor([[   1.0500, -462.8990,    1.0500, -932.7556]])
states:tensor([[   1.0500, -469.0011,    1.0500, -941.4093]])
states:tensor([[ 1.0500e+00, -9.1465e+02,  1.0500e+00, -1.3531e+03]])
states:tensor([[ 1.0500e+00, -9.2414e+02,  1.0500e+00, -1.3602e+03]])
states:tensor([[ 1.0500e+00, -9.3276e+02,  1.0500e+00, -1.3639e+03]])
states:tensor([[ 1.0500e+00, -9.4141e+02,  1.0500e+00, -1.3699e+03]])
states:tensor([[ 1.0500e+00, -1.3531e+03,  1.0500e+00, -1.5019e+03]])
states:tensor([[ 1.0500e+00, -1.3602e+03,  1.0500e+00, -1.5023e+03]])
states:tensor([[ 1.0500e+00, -1.3639e+03,  1.0500e+00, -1.5023e+03]])
states:tensor([[ 1.0500e+00, -1.3699e+03,  1.0500e+00, -1.5023e+03]])
states:tensor([[ 1.0500e+00, -1.5019e+03,  1.0500e+00, -1.5019e+03]])
states:tensor([[ 1.0500e+00, -1.5023e+03,  1.0500e+00, -1.5023e+03]])
states:tensor([[ 1.0500e+00, -1.5023e+03,  1.0500e+00, -1.5023e+03]])
states:tensor([[ 1.0500e+00, -1.5023e+03,  1.0500e+00, -1.5023e+03]])
states:tensor([[ 1.0500e+00, -1.5019e+03,  1.0500e+00, -1.5019e+03]])
states:tensor([[ 1.0500e+00, -1.5023e+03,  1.0500e+00, -1.5023e+03]])
states:tensor([[ 1.0500e+00, -1.5023e+03,  1.0500e+00, -1.5023e+03]])
states:tensor([[ 1.0500e+00, -1.5023e+03,  1.0500e+00, -1.5023e+03]])
states:tensor([[ 1.0500e+00, -1.5019e+03,  1.0500e+00, -1.5019e+03]])
states:tensor([[ 1.0500e+00, -1.5023e+03,  1.0500e+00, -1.5023e+03]])
states:tensor([[ 1.0500e+00, -1.5023e+03,  1.0500e+00, -1.5023e+03]])
states:tensor([[ 1.0500e+00, -1.5023e+03,  1.0500e+00, -1.5023e+03]])
states:tensor([[ 1.0500e+00, -1.5019e+03,  1.0500e+00, -1.5019e+03]])
states:tensor([[ 1.0500e+00, -1.5023e+03,  1.0500e+00, -1.5023e+03]])
states:tensor([[ 1.0500e+00, -1.5023e+03,  1.0500e+00, -1.5023e+03]])
states:tensor([[ 1.0500e+00, -1.5023e+03,  1.0500e+00, -1.5023e+03]])
states:tensor([[ 1.0500e+00, -1.5019e+03,  1.0500e+00, -1.5019e+03]])
states:tensor([[ 1.0500e+00, -1.5023e+03,  1.0500e+00, -1.5023e+03]])
states:tensor([[ 1.0500e+00, -1.5023e+03,  1.0500e+00, -1.5023e+03]])
states:tensor([[ 1.0500e+00, -1.5023e+03,  1.0500e+00, -1.5023e+03]])
states:tensor([[ 1.0500e+00, -1.5019e+03,  1.0500e+00, -1.5019e+03]])
states:tensor([[ 1.0500e+00, -1.5023e+03,  1.0500e+00, -1.5023e+03]])
states:tensor([[ 1.0500e+00, -1.5023e+03,  1.0500e+00, -1.5023e+03]])
states:tensor([[ 1.0500e+00, -1.5023e+03,  1.0500e+00, -1.5023e+03]])
states:tensor([[ 1.0500e+00, -1.5019e+03,  1.0500e+00, -1.5019e+03]])
states:tensor([[ 1.0500e+00, -1.5023e+03,  1.0500e+00, -1.5023e+03]])
states:tensor([[ 1.0500e+00, -1.5023e+03,  1.0500e+00, -1.5023e+03]])
states:tensor([[ 1.0500e+00, -1.5023e+03,  1.0500e+00, -1.5023e+03]])
states:tensor([[ 1.0500e+00, -1.5019e+03,  1.0500e+00, -1.5019e+03]])
states:tensor([[ 1.0500e+00, -1.5023e+03,  1.0500e+00, -1.5023e+03]])
states:tensor([[ 1.0500e+00, -1.5023e+03,  1.0500e+00, -1.5023e+03]])
states:tensor([[ 1.0500e+00, -1.5023e+03,  1.0500e+00, -1.5023e+03]])
states:tensor([[ 1.0500e+00, -1.5019e+03,  1.0500e+00, -1.5019e+03]])
states:tensor([[ 1.0500e+00, -1.5023e+03,  1.0500e+00, -1.5023e+03]])
states:tensor([[ 1.0500e+00, -1.5023e+03,  1.0500e+00, -1.5023e+03]])
states:tensor([[ 1.0500e+00, -1.5023e+03,  1.0500e+00, -1.5023e+03]])
states:tensor([[ 1.0500e+00, -1.5019e+03,  1.0500e+00, -1.5019e+03]])
states:tensor([[ 1.0500e+00, -1.5023e+03,  1.0500e+00, -1.5023e+03]])
states:tensor([[ 1.0500e+00, -1.5023e+03,  1.0500e+00, -1.5023e+03]])
states:tensor([[ 1.0500e+00, -1.5023e+03,  1.0500e+00, -1.5023e+03]])
states:tensor([[ 1.0500e+00, -1.5019e+03,  1.0500e+00, -1.5019e+03]])
states:tensor([[ 1.0500e+00, -1.5023e+03,  1.0500e+00, -1.5023e+03]])
states:tensor([[ 1.0500e+00, -1.5023e+03,  1.0500e+00, -1.5023e+03]])
states:tensor([[ 1.0500e+00, -1.5023e+03,  1.0500e+00, -1.5023e+03]])
states:tensor([[ 1.0500e+00, -1.5019e+03,  1.0500e+00, -1.5019e+03]])
states:tensor([[ 1.0500e+00, -1.5023e+03,  1.0500e+00, -1.5023e+03]])
states:tensor([[ 1.0500e+00, -1.5023e+03,  1.0500e+00, -1.5023e+03]])
states:tensor([[ 1.0500e+00, -1.5023e+03,  1.0500e+00, -1.5023e+03]])
states:tensor([[ 1.0500e+00, -1.5019e+03,  1.0500e+00, -1.5019e+03]])
states:tensor([[ 1.0500e+00, -1.5023e+03,  1.0500e+00, -1.5023e+03]])
states:tensor([[ 1.0500e+00, -1.5023e+03,  1.0500e+00, -1.5023e+03]])
states:tensor([[ 1.0500e+00, -1.5023e+03,  1.0500e+00, -1.5023e+03]])
states:tensor([[ 1.0500e+00, -1.5019e+03,  1.0500e+00, -1.5019e+03]])
states:tensor([[ 1.0500e+00, -1.5023e+03,  1.0500e+00, -1.5023e+03]])
states:tensor([[ 1.0500e+00, -1.5023e+03,  1.0500e+00, -1.5023e+03]])
states:tensor([[ 1.0500e+00, -1.5023e+03,  1.0500e+00, -1.5023e+03]])
states:tensor([[ 1.0500e+00, -1.5019e+03,  1.0500e+00, -1.5019e+03]])
states:tensor([[ 1.0500e+00, -1.5023e+03,  1.0500e+00, -1.5023e+03]])
states:tensor([[ 1.0500e+00, -1.5023e+03,  1.0500e+00, -1.5023e+03]])
states:tensor([[ 1.0500e+00, -1.5023e+03,  1.0500e+00, -1.5023e+03]])
states:tensor([[ 1.0500e+00, -1.5019e+03,  1.0500e+00, -1.5019e+03]])
states:tensor([[ 1.0500e+00, -1.5023e+03,  1.0500e+00, -1.5023e+03]])
states:tensor([[ 1.0500e+00, -1.5023e+03,  1.0500e+00, -1.5023e+03]])
states:tensor([[ 1.0500e+00, -1.5023e+03,  1.0500e+00, -1.5023e+03]])
states:tensor([[ 1.0500e+00, -1.5019e+03,  1.0500e+00, -1.5019e+03]])
states:tensor([[ 1.0500e+00, -1.5023e+03,  1.0500e+00, -1.5023e+03]])
states:tensor([[ 1.0500e+00, -1.5023e+03,  1.0500e+00, -1.5023e+03]])
states:tensor([[ 1.0500e+00, -1.5023e+03,  1.0500e+00, -1.5023e+03]])
states:tensor([[ 1.0500e+00, -1.5019e+03,  1.0500e+00, -1.5019e+03]])
states:tensor([[ 1.0500e+00, -1.5023e+03,  1.0500e+00, -1.5023e+03]])
states:tensor([[ 1.0500e+00, -1.5023e+03,  1.0500e+00, -1.5023e+03]])
states:tensor([[ 1.0500e+00, -1.5023e+03,  1.0500e+00, -1.5023e+03]])
states:tensor([[ 1.0500e+00, -1.5019e+03,  1.0500e+00, -1.5019e+03]])
states:tensor([[ 1.0500e+00, -1.5023e+03,  1.0500e+00, -1.5023e+03]])
states:tensor([[ 1.0500e+00, -1.5023e+03,  1.0500e+00, -1.5023e+03]])
states:tensor([[ 1.0500e+00, -1.5023e+03,  1.0500e+00, -1.5023e+03]])
states:tensor([[ 1.0500e+00, -1.5019e+03,  1.0500e+00, -1.5019e+03]])
states:tensor([[ 1.0500e+00, -1.5023e+03,  1.0500e+00, -1.5023e+03]])
states:tensor([[ 1.0500e+00, -1.5023e+03,  1.0500e+00, -1.5023e+03]])
states:tensor([[ 1.0500e+00, -1.5023e+03,  1.0500e+00, -1.5023e+03]])
states:tensor([[ 1.0500e+00, -1.5019e+03,  1.0500e+00, -1.5019e+03]])
states:tensor([[ 1.0500e+00, -1.5023e+03,  1.0500e+00, -1.5023e+03]])
states:tensor([[ 1.0500e+00, -1.5023e+03,  1.0500e+00, -1.5023e+03]])
states:tensor([[ 1.0500e+00, -1.5023e+03,  1.0500e+00, -1.5023e+03]])
states:tensor([[ 1.0500e+00, -1.5019e+03,  1.0500e+00, -1.5019e+03]])
states:tensor([[ 1.0500e+00, -1.5023e+03,  1.0500e+00, -1.5023e+03]])
states:tensor([[ 1.0500e+00, -1.5023e+03,  1.0500e+00, -1.5023e+03]])
states:tensor([[ 1.0500e+00, -1.5023e+03,  1.0500e+00, -1.5023e+03]])
states:tensor([[ 1.0500e+00, -1.5019e+03,  1.0500e+00, -1.5019e+03]])
states:tensor([[ 1.0500e+00, -1.5023e+03,  1.0500e+00, -1.5023e+03]])
states:tensor([[ 1.0500e+00, -1.5023e+03,  1.0500e+00, -1.5023e+03]])
states:tensor([[ 1.0500e+00, -1.5023e+03,  1.0500e+00, -1.5023e+03]])
states:tensor([[ 1.0500e+00, -1.5019e+03,  1.0500e+00, -1.5019e+03]])
states:tensor([[ 1.0500e+00, -1.5023e+03,  1.0500e+00, -1.5023e+03]])
states:tensor([[ 1.0500e+00, -1.5023e+03,  1.0500e+00, -1.5023e+03]])
states:tensor([[ 1.0500e+00, -1.5023e+03,  1.0500e+00, -1.5023e+03]])
states:tensor([[ 1.0500e+00, -1.5019e+03,  1.0500e+00, -1.5019e+03]])
states:tensor([[ 1.0500e+00, -1.5023e+03,  1.0500e+00, -1.5023e+03]])
states:tensor([[ 1.0500e+00, -1.5023e+03,  1.0500e+00, -1.5023e+03]])
states:tensor([[ 1.0500e+00, -1.5023e+03,  1.0500e+00, -1.5023e+03]])
states:tensor([[ 1.0500e+00, -1.5019e+03,  1.0500e+00, -1.5019e+03]])
states:tensor([[ 1.0500e+00, -1.5023e+03,  1.0500e+00, -1.5023e+03]])
states:tensor([[ 1.0500e+00, -1.5023e+03,  1.0500e+00, -1.5023e+03]])
states:tensor([[ 1.0500e+00, -1.5023e+03,  1.0500e+00, -1.5023e+03]])
states:tensor([[ 1.0500e+00, -1.5019e+03,  1.0500e+00, -1.5019e+03]])
states:tensor([[ 1.0500e+00, -1.5023e+03,  1.0500e+00, -1.5023e+03]])
states:tensor([[ 1.0500e+00, -1.5023e+03,  1.0500e+00, -1.5023e+03]])
states:tensor([[ 1.0500e+00, -1.5023e+03,  1.0500e+00, -1.5023e+03]])
states:tensor([[ 1.0500e+00, -1.5019e+03,  1.0500e+00, -1.5019e+03]])
states:tensor([[ 1.0500e+00, -1.5023e+03,  1.0500e+00, -1.5023e+03]])
states:tensor([[ 1.0500e+00, -1.5023e+03,  1.0500e+00, -1.5023e+03]])
states:tensor([[ 1.0500e+00, -1.5023e+03,  1.0500e+00, -1.5023e+03]])
states:tensor([[ 1.0500e+00, -1.5019e+03,  1.0500e+00, -1.5019e+03]])
states:tensor([[ 1.0500e+00, -1.5023e+03,  1.0500e+00, -1.5023e+03]])
states:tensor([[ 1.0500e+00, -1.5023e+03,  1.0500e+00, -1.5023e+03]])
states:tensor([[ 1.0500e+00, -1.5023e+03,  1.0500e+00, -1.5023e+03]])
states:tensor([[ 1.0500e+00, -1.5019e+03,  1.0500e+00, -1.5019e+03]])
states:tensor([[ 1.0500e+00, -1.5023e+03,  1.0500e+00, -1.5023e+03]])
states:tensor([[ 1.0500e+00, -1.5023e+03,  1.0500e+00, -1.5023e+03]])
states:tensor([[ 1.0500e+00, -1.5023e+03,  1.0500e+00, -1.5023e+03]])
states:tensor([[ 1.0500e+00, -1.5019e+03,  1.0500e+00, -1.5019e+03]])
states:tensor([[ 1.0500e+00, -1.5023e+03,  1.0500e+00, -1.5023e+03]])
states:tensor([[ 1.0500e+00, -1.5023e+03,  1.0500e+00, -1.5023e+03]])
states:tensor([[ 1.0500e+00, -1.5023e+03,  1.0500e+00, -1.5023e+03]])
states:tensor([[ 1.0500e+00, -1.5019e+03,  1.0500e+00, -1.5019e+03]])
states:tensor([[ 1.0500e+00, -1.5023e+03,  1.0500e+00, -1.5023e+03]])
states:tensor([[ 1.0500e+00, -1.5023e+03,  1.0500e+00, -1.5023e+03]])
states:tensor([[ 1.0500e+00, -1.5023e+03,  1.0500e+00, -1.5023e+03]])
states:tensor([[ 1.0500e+00, -1.5019e+03,  1.0500e+00, -1.5019e+03]])
states:tensor([[ 1.0500e+00, -1.5023e+03,  1.0500e+00, -1.5023e+03]])
states:tensor([[ 1.0500e+00, -1.5023e+03,  1.0500e+00, -1.5023e+03]])
states:tensor([[ 1.0500e+00, -1.5023e+03,  1.0500e+00, -1.5023e+03]])
states:tensor([[ 1.0500e+00, -1.5019e+03,  1.0500e+00, -1.5019e+03]])
states:tensor([[ 1.0500e+00, -1.5023e+03,  1.0500e+00, -1.5023e+03]])
states:tensor([[ 1.0500e+00, -1.5023e+03,  1.0500e+00, -1.5023e+03]])
states:tensor([[ 1.0500e+00, -1.5023e+03,  1.0500e+00, -1.5023e+03]])
states:tensor([[ 1.0500e+00, -1.5019e+03,  1.0500e+00, -1.5019e+03]])
states:tensor([[ 1.0500e+00, -1.5023e+03,  1.0500e+00, -1.5023e+03]])
states:tensor([[ 1.0500e+00, -1.5023e+03,  1.0500e+00, -1.5023e+03]])
states:tensor([[ 1.0500e+00, -1.5023e+03,  1.0500e+00, -1.5023e+03]])
states:tensor([[ 1.0500e+00, -1.5019e+03,  1.0500e+00, -1.5019e+03]])
states:tensor([[ 1.0500e+00, -1.5023e+03,  1.0500e+00, -1.5023e+03]])
states:tensor([[ 1.0500e+00, -1.5023e+03,  1.0500e+00, -1.5023e+03]])
states:tensor([[ 1.0500e+00, -1.5023e+03,  1.0500e+00, -1.5023e+03]])
states:tensor([[ 1.0500e+00, -1.5019e+03,  1.0500e+00, -1.5019e+03]])
states:tensor([[ 1.0500e+00, -1.5023e+03,  1.0500e+00, -1.5023e+03]])
states:tensor([[ 1.0500e+00, -1.5023e+03,  1.0500e+00, -1.5023e+03]])
states:tensor([[ 1.0500e+00, -1.5023e+03,  1.0500e+00, -1.5023e+03]])
states:tensor([[ 1.0500e+00, -1.5019e+03,  1.0500e+00, -1.5019e+03]])
states:tensor([[ 1.0500e+00, -1.5023e+03,  1.0500e+00, -1.5023e+03]])
states:tensor([[ 1.0500e+00, -1.5023e+03,  1.0500e+00, -1.5023e+03]])
states:tensor([[ 1.0500e+00, -1.5023e+03,  1.0500e+00, -1.5023e+03]])
states:tensor([[ 1.0500e+00, -1.5019e+03,  1.0500e+00, -1.5019e+03]])
states:tensor([[ 1.0500e+00, -1.5023e+03,  1.0500e+00, -1.5023e+03]])
states:tensor([[ 1.0500e+00, -1.5023e+03,  1.0500e+00, -1.5023e+03]])
states:tensor([[ 1.0500e+00, -1.5023e+03,  1.0500e+00, -1.5023e+03]])
states:tensor([[ 1.0500e+00, -1.5019e+03,  1.0500e+00, -1.5019e+03]])
states:tensor([[ 1.0500e+00, -1.5023e+03,  1.0500e+00, -1.5023e+03]])
states:tensor([[ 1.0500e+00, -1.5023e+03,  1.0500e+00, -1.5023e+03]])
states:tensor([[ 1.0500e+00, -1.5023e+03,  1.0500e+00, -1.5023e+03]])
states:tensor([[ 1.0500e+00, -1.5019e+03,  1.0500e+00, -1.5019e+03]])
states:tensor([[ 1.0500e+00, -1.5023e+03,  1.0500e+00, -1.5023e+03]])
states:tensor([[ 1.0500e+00, -1.5023e+03,  1.0500e+00, -1.5023e+03]])
states:tensor([[ 1.0500e+00, -1.5023e+03,  1.0500e+00, -1.5023e+03]])
states:tensor([[ 1.0500e+00, -1.5019e+03,  1.0500e+00, -1.5019e+03]])
states:tensor([[ 1.0500e+00, -1.5023e+03,  1.0500e+00, -1.5023e+03]])
states:tensor([[ 1.0500e+00, -1.5023e+03,  1.0500e+00, -1.5023e+03]])
states:tensor([[ 1.0500e+00, -1.5023e+03,  1.0500e+00, -1.5023e+03]])
states:tensor([[ 1.0500e+00, -1.5019e+03,  1.0500e+00, -1.5019e+03]])
states:tensor([[ 1.0500e+00, -1.5023e+03,  1.0500e+00, -1.5023e+03]])
states:tensor([[ 1.0500e+00, -1.5023e+03,  1.0500e+00, -1.5023e+03]])
states:tensor([[ 1.0500e+00, -1.5023e+03,  1.0500e+00, -1.5023e+03]])
states:tensor([[ 1.0500e+00, -1.5019e+03,  1.0500e+00, -1.5019e+03]])
states:tensor([[ 1.0500e+00, -1.5023e+03,  1.0500e+00, -1.5023e+03]])
states:tensor([[ 1.0500e+00, -1.5023e+03,  1.0500e+00, -1.5023e+03]])
states:tensor([[ 1.0500e+00, -1.5023e+03,  1.0500e+00, -1.5023e+03]])
states:tensor([[ 1.0500e+00, -1.5019e+03,  1.0500e+00, -1.5019e+03]])
states:tensor([[ 1.0500e+00, -1.5023e+03,  1.0500e+00, -1.5023e+03]])
states:tensor([[ 1.0500e+00, -1.5023e+03,  1.0500e+00, -1.5023e+03]])
states:tensor([[ 1.0500e+00, -1.5023e+03,  1.0500e+00, -1.5023e+03]])
states:tensor([[ 1.0500e+00, -1.5019e+03,  1.0500e+00, -1.5019e+03]])
states:tensor([[ 1.0500e+00, -1.5023e+03,  1.0500e+00, -1.5023e+03]])
states:tensor([[ 1.0500e+00, -1.5023e+03,  1.0500e+00, -1.5023e+03]])
states:tensor([[ 1.0500e+00, -1.5023e+03,  1.0500e+00, -1.5023e+03]])
states:tensor([[ 1.0500e+00, -1.5019e+03,  1.0500e+00, -1.5019e+03]])
states:tensor([[ 1.0500e+00, -1.5023e+03,  1.0500e+00, -1.5023e+03]])
states:tensor([[ 1.0500e+00, -1.5023e+03,  1.0500e+00, -1.5023e+03]])
states:tensor([[ 1.0500e+00, -1.5023e+03,  1.0500e+00, -1.5023e+03]])
states:tensor([[ 1.0500e+00, -1.5019e+03,  1.0500e+00, -1.5019e+03]])
states:tensor([[ 1.0500e+00, -1.5023e+03,  1.0500e+00, -1.5023e+03]])
states:tensor([[ 1.0500e+00, -1.5023e+03,  1.0500e+00, -1.5023e+03]])
states:tensor([[ 1.0500e+00, -1.5023e+03,  1.0500e+00, -1.5023e+03]])
states:tensor([[ 1.0500e+00, -1.5019e+03,  1.0500e+00, -1.5019e+03]])
states:tensor([[ 1.0500e+00, -1.5023e+03,  1.0500e+00, -1.5023e+03]])
states:tensor([[ 1.0500e+00, -1.5023e+03,  1.0500e+00, -1.5023e+03]])
states:tensor([[ 1.0500e+00, -1.5023e+03,  1.0500e+00, -1.5023e+03]])
states:tensor([[ 1.0500e+00, -1.5019e+03,  1.0500e+00, -1.5019e+03]])
states:tensor([[ 1.0500e+00, -1.5023e+03,  1.0500e+00, -1.5023e+03]])
states:tensor([[ 1.0500e+00, -1.5023e+03,  1.0500e+00, -1.5023e+03]])
states:tensor([[ 1.0500e+00, -1.5023e+03,  1.0500e+00, -1.5023e+03]])
states:tensor([[ 1.0500e+00, -1.5019e+03,  1.0500e+00, -1.5019e+03]])
states:tensor([[ 1.0500e+00, -1.5023e+03,  1.0500e+00, -1.5023e+03]])
states:tensor([[ 1.0500e+00, -1.5023e+03,  1.0500e+00, -1.5023e+03]])
states:tensor([[ 1.0500e+00, -1.5023e+03,  1.0500e+00, -1.5023e+03]])
states:tensor([[ 1.0500e+00, -1.5019e+03,  1.0500e+00, -1.5019e+03]])
states:tensor([[ 1.0500e+00, -1.5023e+03,  1.0500e+00, -1.5023e+03]])
states:tensor([[ 1.0500e+00, -1.5023e+03,  1.0500e+00, -1.5023e+03]])
states:tensor([[ 1.0500e+00, -1.5023e+03,  1.0500e+00, -1.5023e+03]])
states:tensor([[ 1.0500e+00, -1.5019e+03,  1.0500e+00, -1.5019e+03]])
states:tensor([[ 1.0500e+00, -1.5023e+03,  1.0500e+00, -1.5023e+03]])
states:tensor([[ 1.0500e+00, -1.5023e+03,  1.0500e+00, -1.5023e+03]])
states:tensor([[ 1.0500e+00, -1.5023e+03,  1.0500e+00, -1.5023e+03]])
states:tensor([[ 1.0500e+00, -1.5019e+03,  1.0500e+00, -1.5019e+03]])
states:tensor([[ 1.0500e+00, -1.5023e+03,  1.0500e+00, -1.5023e+03]])
states:tensor([[ 1.0500e+00, -1.5023e+03,  1.0500e+00, -1.5023e+03]])
states:tensor([[ 1.0500e+00, -1.5023e+03,  1.0500e+00, -1.5023e+03]])
states:tensor([[ 1.0500e+00, -1.5019e+03,  1.0500e+00, -1.5019e+03]])
states:tensor([[ 1.0500e+00, -1.5023e+03,  1.0500e+00, -1.5023e+03]])
states:tensor([[ 1.0500e+00, -1.5023e+03,  1.0500e+00, -1.5023e+03]])
states:tensor([[ 1.0500e+00, -1.5023e+03,  1.0500e+00, -1.5023e+03]])
states:tensor([[ 1.0500e+00, -1.5019e+03,  1.0500e+00, -1.5019e+03]])
states:tensor([[ 1.0500e+00, -1.5023e+03,  1.0500e+00, -1.5023e+03]])
states:tensor([[ 1.0500e+00, -1.5023e+03,  1.0500e+00, -1.5023e+03]])
states:tensor([[ 1.0500e+00, -1.5023e+03,  1.0500e+00, -1.5023e+03]])
states:tensor([[ 1.0500e+00, -1.5019e+03,  1.0500e+00, -1.5019e+03]])
states:tensor([[ 1.0500e+00, -1.5023e+03,  1.0500e+00, -1.5023e+03]])
states:tensor([[ 1.0500e+00, -1.5023e+03,  1.0500e+00, -1.5023e+03]])
states:tensor([[ 1.0500e+00, -1.5023e+03,  1.0500e+00, -1.5023e+03]])
states:tensor([[ 1.0500e+00, -1.5019e+03,  1.0500e+00, -1.5019e+03]])
states:tensor([[ 1.0500e+00, -1.5023e+03,  1.0500e+00, -1.5023e+03]])
states:tensor([[ 1.0500e+00, -1.5023e+03,  1.0500e+00, -1.5023e+03]])
states:tensor([[ 1.0500e+00, -1.5023e+03,  1.0500e+00, -1.5023e+03]])
states:tensor([[ 1.0500e+00, -1.5019e+03,  1.0500e+00, -1.5019e+03]])
states:tensor([[ 1.0500e+00, -1.5023e+03,  1.0500e+00, -1.5023e+03]])
states:tensor([[ 1.0500e+00, -1.5023e+03,  1.0500e+00, -1.5023e+03]])
states:tensor([[ 1.0500e+00, -1.5023e+03,  1.0500e+00, -1.5023e+03]])
states:tensor([[ 1.0500e+00, -1.5019e+03,  1.0500e+00, -1.5019e+03]])
states:tensor([[ 1.0500e+00, -1.5023e+03,  1.0500e+00, -1.5023e+03]])
states:tensor([[ 1.0500e+00, -1.5023e+03,  1.0500e+00, -1.5023e+03]])
states:tensor([[ 1.0500e+00, -1.5023e+03,  1.0500e+00, -1.5023e+03]])
states:tensor([[ 1.0500e+00, -1.5019e+03,  1.0500e+00, -1.5019e+03]])
states:tensor([[ 1.0500e+00, -1.5023e+03,  1.0500e+00, -1.5023e+03]])
states:tensor([[ 1.0500e+00, -1.5023e+03,  1.0500e+00, -1.5023e+03]])
states:tensor([[ 1.0500e+00, -1.5023e+03,  1.0500e+00, -1.5023e+03]])
states:tensor([[ 1.0500e+00, -1.5019e+03,  1.0500e+00, -1.5019e+03]])
states:tensor([[ 1.0500e+00, -1.5023e+03,  1.0500e+00, -1.5023e+03]])
states:tensor([[ 1.0500e+00, -1.5023e+03,  1.0500e+00, -1.5023e+03]])
states:tensor([[ 1.0500e+00, -1.5023e+03,  1.0500e+00, -1.5023e+03]])
states:tensor([[ 1.0500e+00, -1.5019e+03,  1.0500e+00, -1.5019e+03]])
states:tensor([[ 1.0500e+00, -1.5023e+03,  1.0500e+00, -1.5023e+03]])
states:tensor([[ 1.0500e+00, -1.5023e+03,  1.0500e+00, -1.5023e+03]])
states:tensor([[ 1.0500e+00, -1.5023e+03,  1.0500e+00, -1.5023e+03]])
states:tensor([[ 1.0500e+00, -1.5019e+03,  1.0500e+00, -1.5019e+03]])
states:tensor([[ 1.0500e+00, -1.5023e+03,  1.0500e+00, -1.5023e+03]])
states:tensor([[ 1.0500e+00, -1.5023e+03,  1.0500e+00, -1.5023e+03]])
states:tensor([[ 1.0500e+00, -1.5023e+03,  1.0500e+00, -1.5023e+03]])
states:tensor([[ 1.0500e+00, -1.5019e+03,  1.0500e+00, -1.5019e+03]])
states:tensor([[ 1.0500e+00, -1.5023e+03,  1.0500e+00, -1.5023e+03]])
states:tensor([[ 1.0500e+00, -1.5023e+03,  1.0500e+00, -1.5023e+03]])
states:tensor([[ 1.0500e+00, -1.5023e+03,  1.0500e+00, -1.5023e+03]])
states:tensor([[ 1.0500e+00, -1.5019e+03,  1.0500e+00, -1.5019e+03]])
states:tensor([[ 1.0500e+00, -1.5023e+03,  1.0500e+00, -1.5023e+03]])
states:tensor([[ 1.0500e+00, -1.5023e+03,  1.0500e+00, -1.5023e+03]])
states:tensor([[ 1.0500e+00, -1.5023e+03,  1.0500e+00, -1.5023e+03]])
states:tensor([[ 1.0500e+00, -1.5019e+03,  1.0500e+00, -1.5019e+03]])
states:tensor([[ 1.0500e+00, -1.5023e+03,  1.0500e+00, -1.5023e+03]])
states:tensor([[ 1.0500e+00, -1.5023e+03,  1.0500e+00, -1.5023e+03]])
states:tensor([[ 1.0500e+00, -1.5023e+03,  1.0500e+00, -1.5023e+03]])
states:tensor([[ 1.0500e+00, -1.5019e+03,  1.0500e+00, -1.5019e+03]])
states:tensor([[ 1.0500e+00, -1.5023e+03,  1.0500e+00, -1.5023e+03]])
states:tensor([[ 1.0500e+00, -1.5023e+03,  1.0500e+00, -1.5023e+03]])
states:tensor([[ 1.0500e+00, -1.5023e+03,  1.0500e+00, -1.5023e+03]])
states:tensor([[ 1.0500e+00, -1.5019e+03,  1.0500e+00, -1.5019e+03]])
states:tensor([[ 1.0500e+00, -1.5023e+03,  1.0500e+00, -1.5023e+03]])
states:tensor([[ 1.0500e+00, -1.5023e+03,  1.0500e+00, -1.5023e+03]])
states:tensor([[ 1.0500e+00, -1.5023e+03,  1.0500e+00, -1.5023e+03]])
states:tensor([[ 1.0500e+00, -1.5019e+03,  1.0500e+00, -1.5019e+03]])
states:tensor([[ 1.0500e+00, -1.5023e+03,  1.0500e+00, -1.5023e+03]])
states:tensor([[ 1.0500e+00, -1.5023e+03,  1.0500e+00, -1.5023e+03]])
states:tensor([[ 1.0500e+00, -1.5023e+03,  1.0500e+00, -1.5023e+03]])
states:tensor([[ 1.0500e+00, -1.5019e+03,  1.0500e+00, -1.5019e+03]])
states:tensor([[ 1.0500e+00, -1.5023e+03,  1.0500e+00, -1.5023e+03]])
states:tensor([[ 1.0500e+00, -1.5023e+03,  1.0500e+00, -1.5023e+03]])
states:tensor([[ 1.0500e+00, -1.5023e+03,  1.0500e+00, -1.5023e+03]])
states:tensor([[ 1.0500e+00, -1.5019e+03,  1.0500e+00, -1.5019e+03]])
states:tensor([[ 1.0500e+00, -1.5023e+03,  1.0500e+00, -1.5023e+03]])
states:tensor([[ 1.0500e+00, -1.5023e+03,  1.0500e+00, -1.5023e+03]])
states:tensor([[ 1.0500e+00, -1.5023e+03,  1.0500e+00, -1.5023e+03]])
states:tensor([[ 1.0500e+00, -1.5019e+03,  1.0500e+00, -1.5019e+03]])
states:tensor([[ 1.0500e+00, -1.5023e+03,  1.0500e+00, -1.5023e+03]])
states:tensor([[ 1.0500e+00, -1.5023e+03,  1.0500e+00, -1.5023e+03]])
states:tensor([[ 1.0500e+00, -1.5023e+03,  1.0500e+00, -1.5023e+03]])
states:tensor([[ 1.0500e+00, -1.5019e+03,  1.0500e+00, -1.5019e+03]])
states:tensor([[ 1.0500e+00, -1.5023e+03,  1.0500e+00, -1.5023e+03]])
states:tensor([[ 1.0500e+00, -1.5023e+03,  1.0500e+00, -1.5023e+03]])
states:tensor([[ 1.0500e+00, -1.5023e+03,  1.0500e+00, -1.5023e+03]])
states:tensor([[ 1.0500e+00, -1.5019e+03,  1.0500e+00, -1.5019e+03]])
states:tensor([[ 1.0500e+00, -1.5023e+03,  1.0500e+00, -1.5023e+03]])
states:tensor([[ 1.0500e+00, -1.5023e+03,  1.0500e+00, -1.5023e+03]])
states:tensor([[ 1.0500e+00, -1.5023e+03,  1.0500e+00, -1.5023e+03]])
states:tensor([[ 1.0500e+00, -1.5019e+03,  1.0500e+00, -1.5019e+03]])
states:tensor([[ 1.0500e+00, -1.5023e+03,  1.0500e+00, -1.5023e+03]])
states:tensor([[ 1.0500e+00, -1.5023e+03,  1.0500e+00, -1.5023e+03]])
states:tensor([[ 1.0500e+00, -1.5023e+03,  1.0500e+00, -1.5023e+03]])
states:tensor([[ 1.0500e+00, -1.5019e+03,  1.0500e+00, -1.5019e+03]])
states:tensor([[ 1.0500e+00, -1.5023e+03,  1.0500e+00, -1.5023e+03]])
states:tensor([[ 1.0500e+00, -1.5023e+03,  1.0500e+00, -1.5023e+03]])
states:tensor([[ 1.0500e+00, -1.5023e+03,  1.0500e+00, -1.5023e+03]])
states:tensor([[ 1.0500e+00, -1.5019e+03,  1.0500e+00, -1.5019e+03]])
states:tensor([[ 1.0500e+00, -1.5023e+03,  1.0500e+00, -1.5023e+03]])
states:tensor([[ 1.0500e+00, -1.5023e+03,  1.0500e+00, -1.5023e+03]])
states:tensor([[ 1.0500e+00, -1.5023e+03,  1.0500e+00, -1.5023e+03]])
states:tensor([[ 1.0500e+00, -1.5019e+03,  1.0500e+00, -1.5019e+03]])
states:tensor([[ 1.0500e+00, -1.5023e+03,  1.0500e+00, -1.5023e+03]])
states:tensor([[ 1.0500e+00, -1.5023e+03,  1.0500e+00, -1.5023e+03]])
states:tensor([[ 1.0500e+00, -1.5023e+03,  1.0500e+00, -1.5023e+03]])
states:tensor([[ 1.0500e+00, -1.5019e+03,  1.0500e+00, -1.5019e+03]])
states:tensor([[ 1.0500e+00, -1.5023e+03,  1.0500e+00, -1.5023e+03]])
states:tensor([[ 1.0500e+00, -1.5023e+03,  1.0500e+00, -1.5023e+03]])
states:tensor([[ 1.0500e+00, -1.5023e+03,  1.0500e+00, -1.5023e+03]])
states:tensor([[ 1.0500e+00, -1.5019e+03,  1.0500e+00, -1.5019e+03]])
states:tensor([[ 1.0500e+00, -1.5023e+03,  1.0500e+00, -1.5023e+03]])
states:tensor([[ 1.0500e+00, -1.5023e+03,  1.0500e+00, -1.5023e+03]])
states:tensor([[ 1.0500e+00, -1.5023e+03,  1.0500e+00, -1.5023e+03]])
states:tensor([[ 1.0500e+00, -1.5019e+03,  1.0500e+00, -1.5019e+03]])
states:tensor([[ 1.0500e+00, -1.5023e+03,  1.0500e+00, -1.5023e+03]])
states:tensor([[ 1.0500e+00, -1.5023e+03,  1.0500e+00, -1.5023e+03]])
states:tensor([[ 1.0500e+00, -1.5023e+03,  1.0500e+00, -1.5023e+03]])
states:tensor([[ 1.0500e+00, -1.5019e+03,  1.0500e+00, -1.5019e+03]])
states:tensor([[ 1.0500e+00, -1.5023e+03,  1.0500e+00, -1.5023e+03]])
states:tensor([[ 1.0500e+00, -1.5023e+03,  1.0500e+00, -1.5023e+03]])
states:tensor([[ 1.0500e+00, -1.5023e+03,  1.0500e+00, -1.5023e+03]])
states:tensor([[ 1.0500e+00, -1.5019e+03,  1.0500e+00, -1.5019e+03]])
states:tensor([[ 1.0500e+00, -1.5023e+03,  1.0500e+00, -1.5023e+03]])
states:tensor([[ 1.0500e+00, -1.5023e+03,  1.0500e+00, -1.5023e+03]])
states:tensor([[ 1.0500e+00, -1.5023e+03,  1.0500e+00, -1.5023e+03]])
states:tensor([[ 1.0500e+00, -1.5019e+03,  1.0500e+00, -1.5019e+03]])
states:tensor([[ 1.0500e+00, -1.5023e+03,  1.0500e+00, -1.5023e+03]])
states:tensor([[ 1.0500e+00, -1.5023e+03,  1.0500e+00, -1.5023e+03]])
states:tensor([[ 1.0500e+00, -1.5023e+03,  1.0500e+00, -1.5023e+03]])
states:tensor([[ 1.0500e+00, -1.5019e+03,  1.0500e+00, -1.5019e+03]])
states:tensor([[ 1.0500e+00, -1.5023e+03,  1.0500e+00, -1.5023e+03]])
states:tensor([[ 1.0500e+00, -1.5023e+03,  1.0500e+00, -1.5023e+03]])
states:tensor([[ 1.0500e+00, -1.5023e+03,  1.0500e+00, -1.5023e+03]])
states:tensor([[ 1.0500e+00, -1.5019e+03,  1.0500e+00, -1.5019e+03]])
states:tensor([[ 1.0500e+00, -1.5023e+03,  1.0500e+00, -1.5023e+03]])
states:tensor([[ 1.0500e+00, -1.5023e+03,  1.0500e+00, -1.5023e+03]])
states:tensor([[ 1.0500e+00, -1.5023e+03,  1.0500e+00, -1.5023e+03]])
states:tensor([[ 1.0500e+00, -1.5019e+03,  1.0500e+00, -1.5019e+03]])
states:tensor([[ 1.0500e+00, -1.5023e+03,  1.0500e+00, -1.5023e+03]])
states:tensor([[ 1.0500e+00, -1.5023e+03,  1.0500e+00, -1.5023e+03]])
states:tensor([[ 1.0500e+00, -1.5023e+03,  1.0500e+00, -1.5023e+03]])
states:tensor([[ 1.0500e+00, -1.5019e+03,  1.0500e+00, -1.5019e+03]])
states:tensor([[ 1.0500e+00, -1.5023e+03,  1.0500e+00, -1.5023e+03]])
states:tensor([[ 1.0500e+00, -1.5023e+03,  1.0500e+00, -1.5023e+03]])
states:tensor([[ 1.0500e+00, -1.5023e+03,  1.0500e+00, -1.5023e+03]])
states:tensor([[ 1.0500e+00, -1.5023e+03,  1.0500e+00, -1.5023e+03]])
states:tensor([[ 1.0500e+00, -1.5023e+03,  1.0500e+00, -1.5023e+03]])
states:tensor([[ 1.0500e+00, -1.5023e+03,  1.0500e+00, -1.5023e+03]])
states:tensor([[ 1.0500e+00, -1.5019e+03,  1.0500e+00, -1.5019e+03]])
states:tensor([[ 1.0500e+00, -1.5023e+03,  1.0500e+00, -1.5023e+03]])
states:tensor([[ 1.0500e+00, -1.5023e+03,  1.0500e+00, -1.5023e+03]])
states:tensor([[ 1.0500e+00, -1.5023e+03,  1.0500e+00, -1.5023e+03]])
states:tensor([[ 1.0500e+00, -1.5019e+03,  1.0500e+00, -1.5019e+03]])
states:tensor([[ 1.0500e+00, -1.5023e+03,  1.0500e+00, -1.5023e+03]])
states:tensor([[ 1.0500e+00, -1.5023e+03,  1.0500e+00, -1.5023e+03]])
states:tensor([[ 1.0500e+00, -1.5019e+03,  1.0500e+00, -1.5019e+03]])
states:tensor([[ 1.0500e+00, -1.5023e+03,  1.0500e+00, -1.5023e+03]])
states:tensor([[ 1.0500e+00, -1.5023e+03,  1.0500e+00, -1.5023e+03]])
states:tensor([[ 1.0500e+00, -1.5023e+03,  1.0500e+00, -1.5023e+03]])
states:tensor([[ 1.0500e+00, -1.5019e+03,  1.0500e+00, -1.5019e+03]])
states:tensor([[ 1.0500e+00, -1.5023e+03,  1.0500e+00, -1.5023e+03]])
states:tensor([[ 1.0500e+00, -1.5023e+03,  1.0500e+00, -1.5023e+03]])
states:tensor([[ 1.0500e+00, -1.5023e+03,  1.0500e+00, -1.5023e+03]])
states:tensor([[ 1.0500e+00, -1.5019e+03,  1.0500e+00, -1.5019e+03]])
states:tensor([[ 1.0500e+00, -1.5023e+03,  1.0500e+00, -1.5023e+03]])
states:tensor([[ 1.0500e+00, -1.5023e+03,  1.0500e+00, -1.5023e+03]])
states:tensor([[ 1.0500e+00, -1.5023e+03,  1.0500e+00, -1.5023e+03]])
states:tensor([[ 1.0500e+00, -1.5019e+03,  1.0500e+00, -1.5019e+03]])
states:tensor([[ 1.0500e+00, -1.5023e+03,  1.0500e+00, -1.5023e+03]])
states:tensor([[ 1.0500e+00, -1.5023e+03,  1.0500e+00, -1.5023e+03]])
states:tensor([[ 1.0500e+00, -1.5019e+03,  1.0500e+00, -1.5019e+03]])
states:tensor([[ 1.0500e+00, -1.5023e+03,  1.0500e+00, -1.5023e+03]])
states:tensor([[ 1.0500e+00, -1.5023e+03,  1.0500e+00, -1.5023e+03]])
states:tensor([[ 1.0500e+00, -1.5023e+03,  1.0500e+00, -1.5023e+03]])
states:tensor([[ 1.0500e+00, -1.5019e+03,  1.0500e+00, -1.5019e+03]])
states:tensor([[ 1.0500e+00, -1.5023e+03,  1.0500e+00, -1.5023e+03]])
states:tensor([[ 1.0500e+00, -1.5023e+03,  1.0500e+00, -1.5023e+03]])
states:tensor([[ 1.0500e+00, -1.5019e+03,  1.0500e+00, -1.5019e+03]])
states:tensor([[ 1.0500e+00, -1.5023e+03,  1.0500e+00, -1.5023e+03]])
states:tensor([[ 1.0500e+00, -1.5023e+03,  1.0500e+00, -1.5023e+03]])
states:tensor([[ 1.0500e+00, -1.5023e+03,  1.0500e+00, -1.5023e+03]])
states:tensor([[ 1.0500e+00, -1.5019e+03,  1.0500e+00, -1.5019e+03]])
states:tensor([[ 1.0500e+00, -1.5023e+03,  1.0500e+00, -1.5023e+03]])
states:tensor([[ 1.0500e+00, -1.5023e+03,  1.0500e+00, -1.5023e+03]])
states:tensor([[ 1.0500e+00, -1.5023e+03,  1.0500e+00, -1.5023e+03]])
states:tensor([[ 1.0500e+00, -1.5019e+03,  1.0500e+00, -1.5019e+03]])
states:tensor([[ 1.0500e+00, -1.5023e+03,  1.0500e+00, -1.5023e+03]])
states:tensor([[ 1.0500e+00, -1.5023e+03,  1.0500e+00, -1.5023e+03]])
states:tensor([[ 1.0500e+00, -1.5023e+03,  1.0500e+00, -1.5023e+03]])
states:tensor([[ 1.0500e+00, -1.5019e+03,  1.0500e+00, -1.5019e+03]])
states:tensor([[ 1.0500e+00, -1.5023e+03,  1.0500e+00, -1.5023e+03]])
states:tensor([[ 1.0500e+00, -1.5023e+03,  1.0500e+00, -1.5023e+03]])
states:tensor([[ 1.0500e+00, -1.5023e+03,  1.0500e+00, -1.5023e+03]])
states:tensor([[ 1.0500e+00, -1.5019e+03,  1.0500e+00, -1.5019e+03]])
states:tensor([[ 1.0500e+00, -1.5023e+03,  1.0500e+00, -1.5023e+03]])
states:tensor([[ 1.0500e+00, -1.5023e+03,  1.0500e+00, -1.5023e+03]])
states:tensor([[ 1.0500e+00, -1.5023e+03,  1.0500e+00, -1.5023e+03]])
states:tensor([[ 1.0500e+00, -1.5019e+03,  1.0500e+00, -1.5019e+03]])
states:tensor([[ 1.0500e+00, -1.5023e+03,  1.0500e+00, -1.5023e+03]])
states:tensor([[ 1.0500e+00, -1.5023e+03,  1.0500e+00, -1.5023e+03]])
states:tensor([[ 1.0500e+00, -1.5023e+03,  1.0500e+00, -1.5023e+03]])
states:tensor([[ 1.0500e+00, -1.5019e+03,  1.0500e+00, -1.5019e+03]])
states:tensor([[ 1.0500e+00, -1.5023e+03,  1.0500e+00, -1.5023e+03]])
states:tensor([[ 1.0500e+00, -1.5023e+03,  1.0500e+00, -1.5023e+03]])
states:tensor([[ 1.0500e+00, -1.5023e+03,  1.0500e+00, -1.5023e+03]])
states:tensor([[ 1.0500e+00, -1.5019e+03,  1.0500e+00, -1.5019e+03]])
states:tensor([[ 1.0500e+00, -1.5023e+03,  1.0500e+00, -1.5023e+03]])
states:tensor([[ 1.0500e+00, -1.5023e+03,  1.0500e+00, -1.5023e+03]])
states:tensor([[ 1.0500e+00, -1.5023e+03,  1.0500e+00, -1.5023e+03]])
states:tensor([[ 1.0500e+00, -1.5019e+03,  1.0500e+00, -1.5019e+03]])
states:tensor([[ 1.0500e+00, -1.5023e+03,  1.0500e+00, -1.5023e+03]])
states:tensor([[ 1.0500e+00, -1.5023e+03,  1.0500e+00, -1.5023e+03]])
states:tensor([[ 1.0500e+00, -1.5023e+03,  1.0500e+00, -1.5023e+03]])
states:tensor([[ 1.0500e+00, -1.5019e+03,  1.0500e+00, -1.5019e+03]])
states:tensor([[ 1.0500e+00, -1.5023e+03,  1.0500e+00, -1.5023e+03]])
states:tensor([[ 1.0500e+00, -1.5023e+03,  1.0500e+00, -1.5023e+03]])
states:tensor([[ 1.0500e+00, -1.5023e+03,  1.0500e+00, -1.5023e+03]])
states:tensor([[ 1.0500e+00, -1.5019e+03,  1.0500e+00, -1.5019e+03]])
states:tensor([[ 1.0500e+00, -1.5023e+03,  1.0500e+00, -1.5023e+03]])
states:tensor([[ 1.0500e+00, -1.5023e+03,  1.0500e+00, -1.5023e+03]])
states:tensor([[ 1.0500e+00, -1.5023e+03,  1.0500e+00, -1.5023e+03]])
states:tensor([[ 1.0500e+00, -1.5019e+03,  1.0500e+00, -1.5019e+03]])
states:tensor([[ 1.0500e+00, -1.5023e+03,  1.0500e+00, -1.5023e+03]])
states:tensor([[ 1.0500e+00, -1.5023e+03,  1.0500e+00, -1.5023e+03]])
states:tensor([[ 1.0500e+00, -1.5023e+03,  1.0500e+00, -1.5023e+03]])
states:tensor([[ 1.0500e+00, -1.5019e+03,  1.0500e+00, -1.5019e+03]])
states:tensor([[ 1.0500e+00, -1.5023e+03,  1.0500e+00, -1.5023e+03]])
states:tensor([[ 1.0500e+00, -1.5023e+03,  1.0500e+00, -1.5023e+03]])
states:tensor([[ 1.0500e+00, -1.5023e+03,  1.0500e+00, -1.5023e+03]])
states:tensor([[ 1.0500e+00, -1.5019e+03,  1.0500e+00, -1.5019e+03]])
states:tensor([[ 1.0500e+00, -1.5023e+03,  1.0500e+00, -1.5023e+03]])
states:tensor([[ 1.0500e+00, -1.5023e+03,  1.0500e+00, -1.5023e+03]])
states:tensor([[ 1.0500e+00, -1.5023e+03,  1.0500e+00, -1.5023e+03]])
states:tensor([[ 1.0500e+00, -1.5019e+03,  1.0500e+00, -1.5019e+03]])
states:tensor([[ 1.0500e+00, -1.5023e+03,  1.0500e+00, -1.5023e+03]])
states:tensor([[ 1.0500e+00, -1.5023e+03,  1.0500e+00, -1.5023e+03]])
states:tensor([[ 1.0500e+00, -1.5023e+03,  1.0500e+00, -1.5023e+03]])
states:tensor([[ 1.0500e+00, -1.5019e+03,  1.0500e+00, -1.5019e+03]])
states:tensor([[ 1.0500e+00, -1.5023e+03,  1.0500e+00, -1.5023e+03]])
states:tensor([[ 1.0500e+00, -1.5023e+03,  1.0500e+00, -1.5023e+03]])
states:tensor([[ 1.0500e+00, -1.5023e+03,  1.0500e+00, -1.5023e+03]])
states:tensor([[ 1.0500e+00, -1.5019e+03,  1.0500e+00, -1.5019e+03]])
states:tensor([[ 1.0500e+00, -1.5023e+03,  1.0500e+00, -1.5023e+03]])
states:tensor([[ 1.0500e+00, -1.5023e+03,  1.0500e+00, -1.5023e+03]])
states:tensor([[ 1.0500e+00, -1.5023e+03,  1.0500e+00, -1.5023e+03]])
states:tensor([[ 1.0500e+00, -1.5019e+03,  1.0500e+00, -1.5019e+03]])
states:tensor([[ 1.0500e+00, -1.5023e+03,  1.0500e+00, -1.5023e+03]])
states:tensor([[ 1.0500e+00, -1.5023e+03,  1.0500e+00, -1.5023e+03]])
states:tensor([[ 1.0500e+00, -1.5023e+03,  1.0500e+00, -1.5023e+03]])
states:tensor([[ 1.0500e+00, -1.5019e+03,  1.0500e+00, -1.5019e+03]])
states:tensor([[ 1.0500e+00, -1.5023e+03,  1.0500e+00, -1.5023e+03]])
states:tensor([[ 1.0500e+00, -1.5023e+03,  1.0500e+00, -1.5023e+03]])
states:tensor([[ 1.0500e+00, -1.5023e+03,  1.0500e+00, -1.5023e+03]])
states:tensor([[ 1.0500e+00, -1.5019e+03,  1.0500e+00, -1.5019e+03]])
states:tensor([[ 1.0500e+00, -1.5023e+03,  1.0500e+00, -1.5023e+03]])
states:tensor([[ 1.0500e+00, -1.5023e+03,  1.0500e+00, -1.5023e+03]])
states:tensor([[ 1.0500e+00, -1.5023e+03,  1.0500e+00, -1.5023e+03]])
states:tensor([[ 1.0500e+00, -1.5019e+03,  1.0500e+00, -1.5019e+03]])
states:tensor([[ 1.0500e+00, -1.5023e+03,  1.0500e+00, -1.5023e+03]])
states:tensor([[ 1.0500e+00, -1.5023e+03,  1.0500e+00, -1.5023e+03]])
states:tensor([[ 1.0500e+00, -1.5023e+03,  1.0500e+00, -1.5023e+03]])
states:tensor([[ 1.0500e+00, -1.5019e+03,  1.0500e+00, -1.5019e+03]])
states:tensor([[ 1.0500e+00, -1.5023e+03,  1.0500e+00, -1.5023e+03]])
states:tensor([[ 1.0500e+00, -1.5023e+03,  1.0500e+00, -1.5023e+03]])
states:tensor([[ 1.0500e+00, -1.5023e+03,  1.0500e+00, -1.5023e+03]])
states:tensor([[ 1.0500e+00, -1.5019e+03,  1.0500e+00, -1.5019e+03]])
states:tensor([[ 1.0500e+00, -1.5023e+03,  1.0500e+00, -1.5023e+03]])
states:tensor([[ 1.0500e+00, -1.5023e+03,  1.0500e+00, -1.5023e+03]])
states:tensor([[ 1.0500e+00, -1.5023e+03,  1.0500e+00, -1.5023e+03]])
states:tensor([[ 1.0500e+00, -1.5019e+03,  1.0500e+00, -1.5019e+03]])
states:tensor([[ 1.0500e+00, -1.5023e+03,  1.0500e+00, -1.5023e+03]])
states:tensor([[ 1.0500e+00, -1.5023e+03,  1.0500e+00, -1.5023e+03]])
states:tensor([[ 1.0500e+00, -1.5023e+03,  1.0500e+00, -1.5023e+03]])
states:tensor([[ 1.0500e+00, -1.5019e+03,  1.0500e+00, -1.5019e+03]])
states:tensor([[ 1.0500e+00, -1.5023e+03,  1.0500e+00, -1.5023e+03]])
states:tensor([[ 1.0500e+00, -1.5023e+03,  1.0500e+00, -1.5023e+03]])
states:tensor([[ 1.0500e+00, -1.5023e+03,  1.0500e+00, -1.5023e+03]])
states:tensor([[ 1.0500e+00, -1.5019e+03,  1.0500e+00, -1.5019e+03]])
states:tensor([[ 1.0500e+00, -1.5023e+03,  1.0500e+00, -1.5023e+03]])
states:tensor([[ 1.0500e+00, -1.5023e+03,  1.0500e+00, -1.5023e+03]])
states:tensor([[ 1.0500e+00, -1.5023e+03,  1.0500e+00, -1.5023e+03]])
states:tensor([[ 1.0500e+00, -1.5019e+03,  1.0500e+00, -1.5019e+03]])
states:tensor([[ 1.0500e+00, -1.5023e+03,  1.0500e+00, -1.5023e+03]])
states:tensor([[ 1.0500e+00, -1.5023e+03,  1.0500e+00, -1.5023e+03]])
states:tensor([[ 1.0500e+00, -1.5023e+03,  1.0500e+00, -1.5023e+03]])
states:tensor([[ 1.0500e+00, -1.5019e+03,  1.0500e+00, -1.5019e+03]])
states:tensor([[ 1.0500e+00, -1.5023e+03,  1.0500e+00, -1.5023e+03]])
states:tensor([[ 1.0500e+00, -1.5023e+03,  1.0500e+00, -1.5023e+03]])
states:tensor([[ 1.0500e+00, -1.5023e+03,  1.0500e+00, -1.5023e+03]])
states:tensor([[ 1.0500e+00, -1.5019e+03,  1.0500e+00, -1.5019e+03]])
states:tensor([[ 1.0500e+00, -1.5023e+03,  1.0500e+00, -1.5023e+03]])
states:tensor([[ 1.0500e+00, -1.5023e+03,  1.0500e+00, -1.5023e+03]])
states:tensor([[ 1.0500e+00, -1.5023e+03,  1.0500e+00, -1.5023e+03]])
states:tensor([[ 1.0500e+00, -1.5019e+03,  1.0500e+00, -1.5019e+03]])
states:tensor([[ 1.0500e+00, -1.5023e+03,  1.0500e+00, -1.5023e+03]])
states:tensor([[ 1.0500e+00, -1.5023e+03,  1.0500e+00, -1.5023e+03]])
states:tensor([[ 1.0500e+00, -1.5023e+03,  1.0500e+00, -1.5023e+03]])
states:tensor([[ 1.0500e+00, -1.5019e+03,  1.0500e+00, -1.5019e+03]])
states:tensor([[ 1.0500e+00, -1.5023e+03,  1.0500e+00, -1.5023e+03]])
states:tensor([[ 1.0500e+00, -1.5023e+03,  1.0500e+00, -1.5023e+03]])
states:tensor([[ 1.0500e+00, -1.5023e+03,  1.0500e+00, -1.5023e+03]])
states:tensor([[ 1.0500e+00, -1.5019e+03,  1.0500e+00, -1.5019e+03]])
states:tensor([[ 1.0500e+00, -1.5023e+03,  1.0500e+00, -1.5023e+03]])
states:tensor([[ 1.0500e+00, -1.5023e+03,  1.0500e+00, -1.5023e+03]])
states:tensor([[ 1.0500e+00, -1.5023e+03,  1.0500e+00, -1.5023e+03]])
states:tensor([[ 1.0500e+00, -1.5019e+03,  1.0500e+00, -1.5019e+03]])
states:tensor([[ 1.0500e+00, -1.5023e+03,  1.0500e+00, -1.5023e+03]])
states:tensor([[ 1.0500e+00, -1.5023e+03,  1.0500e+00, -1.5023e+03]])
states:tensor([[ 1.0500e+00, -1.5023e+03,  1.0500e+00, -1.5023e+03]])
states:tensor([[ 1.0500e+00, -1.5019e+03,  1.0500e+00, -1.5019e+03]])
states:tensor([[ 1.0500e+00, -1.5023e+03,  1.0500e+00, -1.5023e+03]])
states:tensor([[ 1.0500e+00, -1.5023e+03,  1.0500e+00, -1.5023e+03]])
states:tensor([[ 1.0500e+00, -1.5023e+03,  1.0500e+00, -1.5023e+03]])
states:tensor([[ 1.0500e+00, -1.5019e+03,  1.0500e+00, -1.5019e+03]])
states:tensor([[ 1.0500e+00, -1.5023e+03,  1.0500e+00, -1.5023e+03]])
states:tensor([[ 1.0500e+00, -1.5023e+03,  1.0500e+00, -1.5023e+03]])
states:tensor([[ 1.0500e+00, -1.5023e+03,  1.0500e+00, -1.5023e+03]])
states:tensor([[ 1.0500e+00, -1.5019e+03,  1.0500e+00, -1.5019e+03]])
states:tensor([[ 1.0500e+00, -1.5023e+03,  1.0500e+00, -1.5023e+03]])
states:tensor([[ 1.0500e+00, -1.5023e+03,  1.0500e+00, -1.5023e+03]])
states:tensor([[ 1.0500e+00, -1.5023e+03,  1.0500e+00, -1.5023e+03]])
states:tensor([[ 1.0500e+00, -1.5019e+03,  1.0500e+00, -1.5019e+03]])
states:tensor([[ 1.0500e+00, -1.5023e+03,  1.0500e+00, -1.5023e+03]])
states:tensor([[ 1.0500e+00, -1.5023e+03,  1.0500e+00, -1.5023e+03]])
states:tensor([[ 1.0500e+00, -1.5023e+03,  1.0500e+00, -1.5023e+03]])
states:tensor([[ 1.0500e+00, -1.5019e+03,  1.0500e+00, -1.5019e+03]])
states:tensor([[ 1.0500e+00, -1.5023e+03,  1.0500e+00, -1.5023e+03]])
states:tensor([[ 1.0500e+00, -1.5023e+03,  1.0500e+00, -1.5023e+03]])
states:tensor([[ 1.0500e+00, -1.5023e+03,  1.0500e+00, -1.5023e+03]])
states:tensor([[ 1.0500e+00, -1.5019e+03,  1.0500e+00, -1.5019e+03]])
states:tensor([[ 1.0500e+00, -1.5023e+03,  1.0500e+00, -1.5023e+03]])
states:tensor([[ 1.0500e+00, -1.5023e+03,  1.0500e+00, -1.5023e+03]])
states:tensor([[ 1.0500e+00, -1.5023e+03,  1.0500e+00, -1.5023e+03]])
states:tensor([[ 1.0500e+00, -1.5019e+03,  1.0500e+00, -1.5019e+03]])
states:tensor([[ 1.0500e+00, -1.5023e+03,  1.0500e+00, -1.5023e+03]])
states:tensor([[ 1.0500e+00, -1.5023e+03,  1.0500e+00, -1.5023e+03]])
states:tensor([[ 1.0500e+00, -1.5023e+03,  1.0500e+00, -1.5023e+03]])
states:tensor([[ 1.0500e+00, -1.5019e+03,  1.0500e+00, -1.5019e+03]])
states:tensor([[ 1.0500e+00, -1.5023e+03,  1.0500e+00, -1.5023e+03]])
states:tensor([[ 1.0500e+00, -1.5023e+03,  1.0500e+00, -1.5023e+03]])
states:tensor([[ 1.0500e+00, -1.5023e+03,  1.0500e+00, -1.5023e+03]])
states:tensor([[ 1.0500e+00, -1.5019e+03,  1.0500e+00, -1.5019e+03]])
states:tensor([[ 1.0500e+00, -1.5023e+03,  1.0500e+00, -1.5023e+03]])
states:tensor([[ 1.0500e+00, -1.5023e+03,  1.0500e+00, -1.5023e+03]])
states:tensor([[ 1.0500e+00, -1.5023e+03,  1.0500e+00, -1.5023e+03]])
states:tensor([[ 1.0500e+00, -1.5019e+03,  1.0500e+00, -1.5019e+03]])
states:tensor([[ 1.0500e+00, -1.5023e+03,  1.0500e+00, -1.5023e+03]])
states:tensor([[ 1.0500e+00, -1.5023e+03,  1.0500e+00, -1.5023e+03]])
states:tensor([[ 1.0500e+00, -1.5023e+03,  1.0500e+00, -1.5023e+03]])
states:tensor([[ 1.0500e+00, -1.5019e+03,  1.0500e+00, -1.5019e+03]])
states:tensor([[ 1.0500e+00, -1.5023e+03,  1.0500e+00, -1.5023e+03]])
states:tensor([[ 1.0500e+00, -1.5023e+03,  1.0500e+00, -1.5023e+03]])
states:tensor([[ 1.0500e+00, -1.5023e+03,  1.0500e+00, -1.5023e+03]])
states:tensor([[ 1.0500e+00, -1.5019e+03,  1.0500e+00, -1.5019e+03]])
states:tensor([[ 1.0500e+00, -1.5023e+03,  1.0500e+00, -1.5023e+03]])
states:tensor([[ 1.0500e+00, -1.5023e+03,  1.0500e+00, -1.5023e+03]])
states:tensor([[ 1.0500e+00, -1.5023e+03,  1.0500e+00, -1.5023e+03]])
states:tensor([[ 1.0500e+00, -1.5019e+03,  1.0500e+00, -1.5019e+03]])
states:tensor([[ 1.0500e+00, -1.5023e+03,  1.0500e+00, -1.5023e+03]])
states:tensor([[ 1.0500e+00, -1.5023e+03,  1.0500e+00, -1.5023e+03]])
states:tensor([[ 1.0500e+00, -1.5023e+03,  1.0500e+00, -1.5023e+03]])
states:tensor([[ 1.0500e+00, -1.5019e+03,  1.0500e+00, -1.5019e+03]])
states:tensor([[ 1.0500e+00, -1.5023e+03,  1.0500e+00, -1.5023e+03]])
states:tensor([[ 1.0500e+00, -1.5023e+03,  1.0500e+00, -1.5023e+03]])
states:tensor([[ 1.0500e+00, -1.5023e+03,  1.0500e+00, -1.5023e+03]])
states:tensor([[ 1.0500e+00, -1.5019e+03,  1.0500e+00, -1.5019e+03]])
states:tensor([[ 1.0500e+00, -1.5023e+03,  1.0500e+00, -1.5023e+03]])
states:tensor([[ 1.0500e+00, -1.5023e+03,  1.0500e+00, -1.5023e+03]])
states:tensor([[ 1.0500e+00, -1.5023e+03,  1.0500e+00, -1.5023e+03]])
states:tensor([[ 1.0500e+00, -1.5019e+03,  1.0500e+00, -1.5019e+03]])
states:tensor([[ 1.0500e+00, -1.5023e+03,  1.0500e+00, -1.5023e+03]])
states:tensor([[ 1.0500e+00, -1.5023e+03,  1.0500e+00, -1.5023e+03]])
states:tensor([[ 1.0500e+00, -1.5023e+03,  1.0500e+00, -1.5023e+03]])
states:tensor([[ 1.0500e+00, -1.5019e+03,  1.0500e+00, -1.5019e+03]])
states:tensor([[ 1.0500e+00, -1.5023e+03,  1.0500e+00, -1.5023e+03]])
states:tensor([[ 1.0500e+00, -1.5023e+03,  1.0500e+00, -1.5023e+03]])
states:tensor([[ 1.0500e+00, -1.5023e+03,  1.0500e+00, -1.5023e+03]])
states:tensor([[ 1.0500e+00, -1.5019e+03,  1.0500e+00, -1.5019e+03]])
states:tensor([[ 1.0500e+00, -1.5023e+03,  1.0500e+00, -1.5023e+03]])
states:tensor([[ 1.0500e+00, -1.5023e+03,  1.0500e+00, -1.5023e+03]])
states:tensor([[ 1.0500e+00, -1.5023e+03,  1.0500e+00, -1.5023e+03]])
states:tensor([[ 1.0500e+00, -1.5019e+03,  1.0500e+00, -1.5019e+03]])
states:tensor([[ 1.0500e+00, -1.5023e+03,  1.0500e+00, -1.5023e+03]])
states:tensor([[ 1.0500e+00, -1.5023e+03,  1.0500e+00, -1.5023e+03]])
states:tensor([[ 1.0500e+00, -1.5023e+03,  1.0500e+00, -1.5023e+03]])
states:tensor([[ 1.0500e+00, -1.5019e+03,  1.0500e+00, -1.5019e+03]])
states:tensor([[ 1.0500e+00, -1.5023e+03,  1.0500e+00, -1.5023e+03]])
states:tensor([[ 1.0500e+00, -1.5023e+03,  1.0500e+00, -1.5023e+03]])
states:tensor([[ 1.0500e+00, -1.5023e+03,  1.0500e+00, -1.5023e+03]])
states:tensor([[ 1.0500e+00, -1.5019e+03,  1.0500e+00, -1.5019e+03]])
states:tensor([[ 1.0500e+00, -1.5023e+03,  1.0500e+00, -1.5023e+03]])
states:tensor([[ 1.0500e+00, -1.5023e+03,  1.0500e+00, -1.5023e+03]])
states:tensor([[ 1.0500e+00, -1.5023e+03,  1.0500e+00, -1.5023e+03]])
states:tensor([[ 1.0500e+00, -1.5019e+03,  1.0500e+00, -1.5019e+03]])
states:tensor([[ 1.0500e+00, -1.5023e+03,  1.0500e+00, -1.5023e+03]])
states:tensor([[ 1.0500e+00, -1.5023e+03,  1.0500e+00, -1.5023e+03]])
states:tensor([[ 1.0500e+00, -1.5023e+03,  1.0500e+00, -1.5023e+03]])
states:tensor([[ 1.0500e+00, -1.5019e+03,  1.0500e+00, -1.5019e+03]])
states:tensor([[ 1.0500e+00, -1.5023e+03,  1.0500e+00, -1.5023e+03]])
states:tensor([[ 1.0500e+00, -1.5023e+03,  1.0500e+00, -1.5023e+03]])
states:tensor([[ 1.0500e+00, -1.5023e+03,  1.0500e+00, -1.5023e+03]])
states:tensor([[ 1.0500e+00, -1.5019e+03,  1.0500e+00, -1.5019e+03]])
states:tensor([[ 1.0500e+00, -1.5023e+03,  1.0500e+00, -1.5023e+03]])
states:tensor([[ 1.0500e+00, -1.5023e+03,  1.0500e+00, -1.5023e+03]])
states:tensor([[ 1.0500e+00, -1.5023e+03,  1.0500e+00, -1.5023e+03]])
states:tensor([[ 1.0500e+00, -1.5019e+03,  1.0500e+00, -1.5019e+03]])
states:tensor([[ 1.0500e+00, -1.5023e+03,  1.0500e+00, -1.5023e+03]])
states:tensor([[ 1.0500e+00, -1.5023e+03,  1.0500e+00, -1.5023e+03]])
states:tensor([[ 1.0500e+00, -1.5023e+03,  1.0500e+00, -1.5023e+03]])
states:tensor([[ 1.0500e+00, -1.5019e+03,  1.0500e+00, -1.5019e+03]])
states:tensor([[ 1.0500e+00, -1.5023e+03,  1.0500e+00, -1.5023e+03]])
states:tensor([[ 1.0500e+00, -1.5023e+03,  1.0500e+00, -1.5023e+03]])
states:tensor([[ 1.0500e+00, -1.5023e+03,  1.0500e+00, -1.5023e+03]])
states:tensor([[ 1.0500e+00, -1.5019e+03,  1.0500e+00, -1.5019e+03]])
states:tensor([[ 1.0500e+00, -1.5023e+03,  1.0500e+00, -1.5023e+03]])
states:tensor([[ 1.0500e+00, -1.5023e+03,  1.0500e+00, -1.5023e+03]])
states:tensor([[ 1.0500e+00, -1.5023e+03,  1.0500e+00, -1.5023e+03]])
states:tensor([[ 1.0500e+00, -1.5019e+03,  1.0500e+00, -1.5019e+03]])
states:tensor([[ 1.0500e+00, -1.5023e+03,  1.0500e+00, -1.5023e+03]])
states:tensor([[ 1.0500e+00, -1.5023e+03,  1.0500e+00, -1.5023e+03]])
states:tensor([[ 1.0500e+00, -1.5023e+03,  1.0500e+00, -1.5023e+03]])
states:tensor([[ 1.0500e+00, -1.5019e+03,  1.0500e+00, -1.5019e+03]])
states:tensor([[ 1.0500e+00, -1.5023e+03,  1.0500e+00, -1.5023e+03]])
states:tensor([[ 1.0500e+00, -1.5023e+03,  1.0500e+00, -1.5023e+03]])
states:tensor([[ 1.0500e+00, -1.5023e+03,  1.0500e+00, -1.5023e+03]])
states:tensor([[ 1.0500e+00, -1.5019e+03,  1.0500e+00, -1.5019e+03]])
states:tensor([[ 1.0500e+00, -1.5023e+03,  1.0500e+00, -1.5023e+03]])
states:tensor([[ 1.0500e+00, -1.5023e+03,  1.0500e+00, -1.5023e+03]])
states:tensor([[ 1.0500e+00, -1.5023e+03,  1.0500e+00, -1.5023e+03]])
states:tensor([[ 1.0500e+00, -1.5019e+03,  1.0500e+00, -1.5019e+03]])
states:tensor([[ 1.0500e+00, -1.5023e+03,  1.0500e+00, -1.5023e+03]])
states:tensor([[ 1.0500e+00, -1.5023e+03,  1.0500e+00, -1.5023e+03]])
states:tensor([[ 1.0500e+00, -1.5023e+03,  1.0500e+00, -1.5023e+03]])
states:tensor([[ 1.0500e+00, -1.5019e+03,  1.0500e+00, -1.5019e+03]])
states:tensor([[ 1.0500e+00, -1.5023e+03,  1.0500e+00, -1.5023e+03]])
states:tensor([[ 1.0500e+00, -1.5023e+03,  1.0500e+00, -1.5023e+03]])
states:tensor([[ 1.0500e+00, -1.5023e+03,  1.0500e+00, -1.5023e+03]])
states:tensor([[ 1.0500e+00, -1.5019e+03,  1.0500e+00, -1.5019e+03]])
states:tensor([[ 1.0500e+00, -1.5023e+03,  1.0500e+00, -1.5023e+03]])
states:tensor([[ 1.0500e+00, -1.5023e+03,  1.0500e+00, -1.5023e+03]])
states:tensor([[ 1.0500e+00, -1.5023e+03,  1.0500e+00, -1.5023e+03]])
states:tensor([[ 1.0500e+00, -1.5019e+03,  1.0500e+00, -1.5019e+03]])
states:tensor([[ 1.0500e+00, -1.5023e+03,  1.0500e+00, -1.5023e+03]])
states:tensor([[ 1.0500e+00, -1.5023e+03,  1.0500e+00, -1.5023e+03]])
states:tensor([[ 1.0500e+00, -1.5023e+03,  1.0500e+00, -1.5023e+03]])
states:tensor([[ 1.0500e+00, -1.5019e+03,  1.0500e+00, -1.5019e+03]])
states:tensor([[ 1.0500e+00, -1.5023e+03,  1.0500e+00, -1.5023e+03]])
states:tensor([[ 1.0500e+00, -1.5023e+03,  1.0500e+00, -1.5023e+03]])
states:tensor([[ 1.0500e+00, -1.5023e+03,  1.0500e+00, -1.5023e+03]])
states:tensor([[ 1.0500e+00, -1.5019e+03,  1.0500e+00, -1.5019e+03]])
states:tensor([[ 1.0500e+00, -1.5023e+03,  1.0500e+00, -1.5023e+03]])
states:tensor([[ 1.0500e+00, -1.5023e+03,  1.0500e+00, -1.5023e+03]])
states:tensor([[ 1.0500e+00, -1.5023e+03,  1.0500e+00, -1.5023e+03]])
states:tensor([[ 1.0500e+00, -1.5019e+03,  1.0500e+00, -1.5019e+03]])
states:tensor([[ 1.0500e+00, -1.5023e+03,  1.0500e+00, -1.5023e+03]])
states:tensor([[ 1.0500e+00, -1.5023e+03,  1.0500e+00, -1.5023e+03]])
states:tensor([[ 1.0500e+00, -1.5023e+03,  1.0500e+00, -1.5023e+03]])
states:tensor([[ 1.0500e+00, -1.5019e+03,  1.0500e+00, -1.5019e+03]])
states:tensor([[ 1.0500e+00, -1.5023e+03,  1.0500e+00, -1.5023e+03]])
states:tensor([[ 1.0500e+00, -1.5023e+03,  1.0500e+00, -1.5023e+03]])
states:tensor([[ 1.0500e+00, -1.5023e+03,  1.0500e+00, -1.5023e+03]])
states:tensor([[ 1.0500e+00, -1.5019e+03,  1.0500e+00, -1.5019e+03]])
states:tensor([[ 1.0500e+00, -1.5023e+03,  1.0500e+00, -1.5023e+03]])
states:tensor([[ 1.0500e+00, -1.5023e+03,  1.0500e+00, -1.5023e+03]])
states:tensor([[ 1.0500e+00, -1.5023e+03,  1.0500e+00, -1.5023e+03]])
states:tensor([[ 1.0500e+00, -1.5019e+03,  1.0500e+00, -1.5019e+03]])
states:tensor([[ 1.0500e+00, -1.5023e+03,  1.0500e+00, -1.5023e+03]])
states:tensor([[ 1.0500e+00, -1.5023e+03,  1.0500e+00, -1.5023e+03]])
states:tensor([[ 1.0500e+00, -1.5023e+03,  1.0500e+00, -1.5023e+03]])
states:tensor([[ 1.0500e+00, -1.5019e+03,  1.0500e+00, -1.5019e+03]])
states:tensor([[ 1.0500e+00, -1.5023e+03,  1.0500e+00, -1.5023e+03]])
states:tensor([[ 1.0500e+00, -1.5023e+03,  1.0500e+00, -1.5023e+03]])
states:tensor([[ 1.0500e+00, -1.5023e+03,  1.0500e+00, -1.5023e+03]])
states:tensor([[ 1.0500e+00, -1.5019e+03,  1.0500e+00, -1.5019e+03]])
states:tensor([[ 1.0500e+00, -1.5023e+03,  1.0500e+00, -1.5023e+03]])
states:tensor([[ 1.0500e+00, -1.5023e+03,  1.0500e+00, -1.5023e+03]])
states:tensor([[ 1.0500e+00, -1.5023e+03,  1.0500e+00, -1.5023e+03]])
states:tensor([[ 1.0500e+00, -1.5019e+03,  1.0500e+00, -1.5019e+03]])
states:tensor([[ 1.0500e+00, -1.5023e+03,  1.0500e+00, -1.5023e+03]])
states:tensor([[ 1.0500e+00, -1.5023e+03,  1.0500e+00, -1.5023e+03]])
states:tensor([[ 1.0500e+00, -1.5023e+03,  1.0500e+00, -1.5023e+03]])
states:tensor([[ 1.0500e+00, -1.5019e+03,  1.0500e+00, -1.5019e+03]])
states:tensor([[ 1.0500e+00, -1.5023e+03,  1.0500e+00, -1.5023e+03]])
states:tensor([[ 1.0500e+00, -1.5023e+03,  1.0500e+00, -1.5023e+03]])
states:tensor([[ 1.0500e+00, -1.5023e+03,  1.0500e+00, -1.5023e+03]])
states:tensor([[ 1.0500e+00, -1.5019e+03,  1.0500e+00, -1.5019e+03]])
states:tensor([[ 1.0500e+00, -1.5023e+03,  1.0500e+00, -1.5023e+03]])
states:tensor([[ 1.0500e+00, -1.5023e+03,  1.0500e+00, -1.5023e+03]])
states:tensor([[ 1.0500e+00, -1.5023e+03,  1.0500e+00, -1.5023e+03]])
states:tensor([[ 1.0500e+00, -1.5019e+03,  1.0500e+00, -1.5019e+03]])
states:tensor([[ 1.0500e+00, -1.5023e+03,  1.0500e+00, -1.5023e+03]])
states:tensor([[ 1.0500e+00, -1.5023e+03,  1.0500e+00, -1.5023e+03]])
states:tensor([[ 1.0500e+00, -1.5023e+03,  1.0500e+00, -1.5023e+03]])
states:tensor([[ 1.0500e+00, -1.5019e+03,  1.0500e+00, -1.5019e+03]])
states:tensor([[ 1.0500e+00, -1.5023e+03,  1.0500e+00, -1.5023e+03]])
states:tensor([[ 1.0500e+00, -1.5023e+03,  1.0500e+00, -1.5023e+03]])
states:tensor([[ 1.0500e+00, -1.5023e+03,  1.0500e+00, -1.5023e+03]])
states:tensor([[ 1.0500e+00, -1.5019e+03,  1.0500e+00, -1.5019e+03]])
states:tensor([[ 1.0500e+00, -1.5023e+03,  1.0500e+00, -1.5023e+03]])
states:tensor([[ 1.0500e+00, -1.5023e+03,  1.0500e+00, -1.5023e+03]])
states:tensor([[ 1.0500e+00, -1.5023e+03,  1.0500e+00, -1.5023e+03]])
states:tensor([[ 1.0500e+00, -1.5019e+03,  1.0500e+00, -1.5019e+03]])
states:tensor([[ 1.0500e+00, -1.5023e+03,  1.0500e+00, -1.5023e+03]])
states:tensor([[ 1.0500e+00, -1.5023e+03,  1.0500e+00, -1.5023e+03]])
states:tensor([[ 1.0500e+00, -1.5023e+03,  1.0500e+00, -1.5023e+03]])
states:tensor([[ 1.0500e+00, -1.5019e+03,  1.0500e+00, -1.5019e+03]])
states:tensor([[ 1.0500e+00, -1.5023e+03,  1.0500e+00, -1.5023e+03]])
states:tensor([[ 1.0500e+00, -1.5023e+03,  1.0500e+00, -1.5023e+03]])
states:tensor([[ 1.0500e+00, -1.5023e+03,  1.0500e+00, -1.5023e+03]])
states:tensor([[ 1.0500e+00, -1.5019e+03,  1.0500e+00, -1.5019e+03]])
states:tensor([[ 1.0500e+00, -1.5023e+03,  1.0500e+00, -1.5023e+03]])
states:tensor([[ 1.0500e+00, -1.5023e+03,  1.0500e+00, -1.5023e+03]])
states:tensor([[ 1.0500e+00, -1.5023e+03,  1.0500e+00, -1.5023e+03]])
states:tensor([[ 1.0500e+00, -1.5019e+03,  1.0500e+00, -1.5019e+03]])
states:tensor([[ 1.0500e+00, -1.5023e+03,  1.0500e+00, -1.5023e+03]])
states:tensor([[ 1.0500e+00, -1.5023e+03,  1.0500e+00, -1.5023e+03]])
states:tensor([[ 1.0500e+00, -1.5023e+03,  1.0500e+00, -1.5023e+03]])
states:tensor([[ 1.0500e+00, -1.5019e+03,  1.0500e+00, -1.5019e+03]])
states:tensor([[ 1.0500e+00, -1.5023e+03,  1.0500e+00, -1.5023e+03]])
states:tensor([[ 1.0500e+00, -1.5023e+03,  1.0500e+00, -1.5023e+03]])
states:tensor([[ 1.0500e+00, -1.5023e+03,  1.0500e+00, -1.5023e+03]])
states:tensor([[ 1.0500e+00, -1.5019e+03,  1.0500e+00, -1.5019e+03]])
states:tensor([[ 1.0500e+00, -1.5023e+03,  1.0500e+00, -1.5023e+03]])
states:tensor([[ 1.0500e+00, -1.5023e+03,  1.0500e+00, -1.5023e+03]])
states:tensor([[ 1.0500e+00, -1.5023e+03,  1.0500e+00, -1.5023e+03]])
states:tensor([[ 1.0500e+00, -1.5019e+03,  1.0500e+00, -1.5019e+03]])
states:tensor([[ 1.0500e+00, -1.5023e+03,  1.0500e+00, -1.5023e+03]])
states:tensor([[ 1.0500e+00, -1.5023e+03,  1.0500e+00, -1.5023e+03]])
states:tensor([[ 1.0500e+00, -1.5023e+03,  1.0500e+00, -1.5023e+03]])
states:tensor([[ 1.0500e+00, -1.5019e+03,  1.0500e+00, -1.5019e+03]])
states:tensor([[ 1.0500e+00, -1.5023e+03,  1.0500e+00, -1.5023e+03]])
states:tensor([[ 1.0500e+00, -1.5023e+03,  1.0500e+00, -1.5023e+03]])
states:tensor([[ 1.0500e+00, -1.5023e+03,  1.0500e+00, -1.5023e+03]])
states:tensor([[ 1.0500e+00, -1.5019e+03,  1.0500e+00, -1.5019e+03]])
states:tensor([[ 1.0500e+00, -1.5023e+03,  1.0500e+00, -1.5023e+03]])
states:tensor([[ 1.0500e+00, -1.5023e+03,  1.0500e+00, -1.5023e+03]])
states:tensor([[ 1.0500e+00, -1.5023e+03,  1.0500e+00, -1.5023e+03]])
states:tensor([[ 1.0500e+00, -1.5019e+03,  1.0500e+00, -1.5019e+03]])
states:tensor([[ 1.0500e+00, -1.5023e+03,  1.0500e+00, -1.5023e+03]])
states:tensor([[ 1.0500e+00, -1.5023e+03,  1.0500e+00, -1.5023e+03]])
states:tensor([[ 1.0500e+00, -1.5023e+03,  1.0500e+00, -1.5023e+03]])
states:tensor([[ 1.0500e+00, -1.5019e+03,  1.0500e+00, -1.5019e+03]])
states:tensor([[ 1.0500e+00, -1.5023e+03,  1.0500e+00, -1.5023e+03]])
states:tensor([[ 1.0500e+00, -1.5023e+03,  1.0500e+00, -1.5023e+03]])
states:tensor([[ 1.0500e+00, -1.5023e+03,  1.0500e+00, -1.5023e+03]])
states:tensor([[ 1.0500e+00, -1.5019e+03,  1.0500e+00, -1.5019e+03]])
states:tensor([[ 1.0500e+00, -1.5023e+03,  1.0500e+00, -1.5023e+03]])
states:tensor([[ 1.0500e+00, -1.5023e+03,  1.0500e+00, -1.5023e+03]])
states:tensor([[ 1.0500e+00, -1.5023e+03,  1.0500e+00, -1.5023e+03]])
states:tensor([[ 1.0500e+00, -1.5019e+03,  1.0500e+00, -1.5019e+03]])
states:tensor([[ 1.0500e+00, -1.5023e+03,  1.0500e+00, -1.5023e+03]])
states:tensor([[ 1.0500e+00, -1.5023e+03,  1.0500e+00, -1.5023e+03]])
states:tensor([[ 1.0500e+00, -1.5023e+03,  1.0500e+00, -1.5023e+03]])
states:tensor([[ 1.0500e+00, -1.5019e+03,  1.0500e+00, -1.5019e+03]])
states:tensor([[ 1.0500e+00, -1.5023e+03,  1.0500e+00, -1.5023e+03]])
states:tensor([[ 1.0500e+00, -1.5023e+03,  1.0500e+00, -1.5023e+03]])
states:tensor([[ 1.0500e+00, -1.5023e+03,  1.0500e+00, -1.5023e+03]])
states:tensor([[ 1.0500e+00, -1.5019e+03,  1.0500e+00, -1.5019e+03]])
states:tensor([[ 1.0500e+00, -1.5023e+03,  1.0500e+00, -1.5023e+03]])
states:tensor([[ 1.0500e+00, -1.5023e+03,  1.0500e+00, -1.5023e+03]])
states:tensor([[ 1.0500e+00, -1.5023e+03,  1.0500e+00, -1.5023e+03]])
states:tensor([[ 1.0500e+00, -1.5019e+03,  1.0500e+00, -1.5019e+03]])
states:tensor([[ 1.0500e+00, -1.5023e+03,  1.0500e+00, -1.5023e+03]])
states:tensor([[ 1.0500e+00, -1.5023e+03,  1.0500e+00, -1.5023e+03]])
states:tensor([[ 1.0500e+00, -1.5023e+03,  1.0500e+00, -1.5023e+03]])
states:tensor([[ 1.0500e+00, -1.5019e+03,  1.0500e+00, -1.5019e+03]])
states:tensor([[ 1.0500e+00, -1.5023e+03,  1.0500e+00, -1.5023e+03]])
states:tensor([[ 1.0500e+00, -1.5023e+03,  1.0500e+00, -1.5023e+03]])
states:tensor([[ 1.0500e+00, -1.5023e+03,  1.0500e+00, -1.5023e+03]])
states:tensor([[ 1.0500e+00, -1.5019e+03,  1.0500e+00, -1.5019e+03]])
states:tensor([[ 1.0500e+00, -1.5023e+03,  1.0500e+00, -1.5023e+03]])
states:tensor([[ 1.0500e+00, -1.5023e+03,  1.0500e+00, -1.5023e+03]])
states:tensor([[ 1.0500e+00, -1.5023e+03,  1.0500e+00, -1.5023e+03]])
states:tensor([[ 1.0500e+00, -1.5019e+03,  1.0500e+00, -1.5019e+03]])
states:tensor([[ 1.0500e+00, -1.5023e+03,  1.0500e+00, -1.5023e+03]])
states:tensor([[ 1.0500e+00, -1.5023e+03,  1.0500e+00, -1.5023e+03]])
states:tensor([[ 1.0500e+00, -1.5023e+03,  1.0500e+00, -1.5023e+03]])
states:tensor([[ 1.0500e+00, -1.5019e+03,  1.0500e+00, -1.5019e+03]])
states:tensor([[ 1.0500e+00, -1.5023e+03,  1.0500e+00, -1.5023e+03]])
states:tensor([[ 1.0500e+00, -1.5023e+03,  1.0500e+00, -1.5023e+03]])
states:tensor([[ 1.0500e+00, -1.5023e+03,  1.0500e+00, -1.5023e+03]])
states:tensor([[ 1.0500e+00, -1.5019e+03,  1.0500e+00, -1.5019e+03]])
states:tensor([[ 1.0500e+00, -1.5023e+03,  1.0500e+00, -1.5023e+03]])
states:tensor([[ 1.0500e+00, -1.5023e+03,  1.0500e+00, -1.5023e+03]])
states:tensor([[ 1.0500e+00, -1.5023e+03,  1.0500e+00, -1.5023e+03]])
states:tensor([[ 1.0500e+00, -1.5019e+03,  1.0500e+00, -1.5019e+03]])
states:tensor([[ 1.0500e+00, -1.5023e+03,  1.0500e+00, -1.5023e+03]])
states:tensor([[ 1.0500e+00, -1.5023e+03,  1.0500e+00, -1.5023e+03]])
states:tensor([[ 1.0500e+00, -1.5023e+03,  1.0500e+00, -1.5023e+03]])
states:tensor([[ 1.0500e+00, -1.5019e+03,  1.0500e+00, -1.5019e+03]])
states:tensor([[ 1.0500e+00, -1.5023e+03,  1.0500e+00, -1.5023e+03]])
states:tensor([[ 1.0500e+00, -1.5023e+03,  1.0500e+00, -1.5023e+03]])
states:tensor([[ 1.0500e+00, -1.5023e+03,  1.0500e+00, -1.5023e+03]])
states:tensor([[ 1.0500e+00, -1.5019e+03,  1.0500e+00, -1.5019e+03]])
states:tensor([[ 1.0500e+00, -1.5023e+03,  1.0500e+00, -1.5023e+03]])
states:tensor([[ 1.0500e+00, -1.5023e+03,  1.0500e+00, -1.5023e+03]])
states:tensor([[ 1.0500e+00, -1.5023e+03,  1.0500e+00, -1.5023e+03]])
states:tensor([[ 1.0500e+00, -1.5019e+03,  1.0500e+00, -1.5019e+03]])
states:tensor([[ 1.0500e+00, -1.5023e+03,  1.0500e+00, -1.5023e+03]])
states:tensor([[ 1.0500e+00, -1.5023e+03,  1.0500e+00, -1.5023e+03]])
states:tensor([[ 1.0500e+00, -1.5023e+03,  1.0500e+00, -1.5023e+03]])
states:tensor([[ 1.0500e+00, -1.5019e+03,  1.0500e+00, -1.5019e+03]])
states:tensor([[ 1.0500e+00, -1.5023e+03,  1.0500e+00, -1.5023e+03]])
states:tensor([[ 1.0500e+00, -1.5023e+03,  1.0500e+00, -1.5023e+03]])
states:tensor([[ 1.0500e+00, -1.5023e+03,  1.0500e+00, -1.5023e+03]])
states:tensor([[ 1.0500e+00, -1.5019e+03,  1.0500e+00, -1.5019e+03]])
states:tensor([[ 1.0500e+00, -1.5023e+03,  1.0500e+00, -1.5023e+03]])
states:tensor([[ 1.0500e+00, -1.5023e+03,  1.0500e+00, -1.5023e+03]])
states:tensor([[ 1.0500e+00, -1.5023e+03,  1.0500e+00, -1.5023e+03]])
states:tensor([[ 1.0500e+00, -1.5019e+03,  1.0500e+00, -1.5019e+03]])
states:tensor([[ 1.0500e+00, -1.5023e+03,  1.0500e+00, -1.5023e+03]])
states:tensor([[ 1.0500e+00, -1.5023e+03,  1.0500e+00, -1.5023e+03]])
states:tensor([[ 1.0500e+00, -1.5023e+03,  1.0500e+00, -1.5023e+03]])
states:tensor([[ 1.0500e+00, -1.5019e+03,  1.0500e+00, -1.5019e+03]])
states:tensor([[ 1.0500e+00, -1.5023e+03,  1.0500e+00, -1.5023e+03]])
states:tensor([[ 1.0500e+00, -1.5023e+03,  1.0500e+00, -1.5023e+03]])
states:tensor([[ 1.0500e+00, -1.5023e+03,  1.0500e+00, -1.5023e+03]])
states:tensor([[ 1.0500e+00, -1.5019e+03,  1.0500e+00, -1.5019e+03]])
states:tensor([[ 1.0500e+00, -1.5023e+03,  1.0500e+00, -1.5023e+03]])
states:tensor([[ 1.0500e+00, -1.5023e+03,  1.0500e+00, -1.5023e+03]])
states:tensor([[ 1.0500e+00, -1.5023e+03,  1.0500e+00, -1.5023e+03]])
states:tensor([[ 1.0500e+00, -1.5019e+03,  1.0500e+00, -1.5019e+03]])
states:tensor([[ 1.0500e+00, -1.5023e+03,  1.0500e+00, -1.5023e+03]])
states:tensor([[ 1.0500e+00, -1.5023e+03,  1.0500e+00, -1.5023e+03]])
states:tensor([[ 1.0500e+00, -1.5023e+03,  1.0500e+00, -1.5023e+03]])
states:tensor([[ 1.0500e+00, -1.5019e+03,  1.0500e+00, -1.5019e+03]])
states:tensor([[ 1.0500e+00, -1.5023e+03,  1.0500e+00, -1.5023e+03]])
states:tensor([[ 1.0500e+00, -1.5023e+03,  1.0500e+00, -1.5023e+03]])
states:tensor([[ 1.0500e+00, -1.5023e+03,  1.0500e+00, -1.5023e+03]])
states:tensor([[ 1.0500e+00, -1.5019e+03,  1.0500e+00, -1.5019e+03]])
states:tensor([[ 1.0500e+00, -1.5023e+03,  1.0500e+00, -1.5023e+03]])
states:tensor([[ 1.0500e+00, -1.5023e+03,  1.0500e+00, -1.5023e+03]])
states:tensor([[ 1.0500e+00, -1.5023e+03,  1.0500e+00, -1.5023e+03]])
states:tensor([[ 1.0500e+00, -1.5019e+03,  1.0500e+00, -1.5019e+03]])
states:tensor([[ 1.0500e+00, -1.5023e+03,  1.0500e+00, -1.5023e+03]])
states:tensor([[ 1.0500e+00, -1.5023e+03,  1.0500e+00, -1.5023e+03]])
states:tensor([[ 1.0500e+00, -1.5023e+03,  1.0500e+00, -1.5023e+03]])
states:tensor([[ 1.0500e+00, -1.5019e+03,  1.0500e+00, -1.5019e+03]])
states:tensor([[ 1.0500e+00, -1.5023e+03,  1.0500e+00, -1.5023e+03]])
states:tensor([[ 1.0500e+00, -1.5023e+03,  1.0500e+00, -1.5023e+03]])
states:tensor([[ 1.0500e+00, -1.5023e+03,  1.0500e+00, -1.5023e+03]])
states:tensor([[ 1.0500e+00, -1.5019e+03,  1.0500e+00, -1.5019e+03]])
states:tensor([[ 1.0500e+00, -1.5023e+03,  1.0500e+00, -1.5023e+03]])
states:tensor([[ 1.0500e+00, -1.5023e+03,  1.0500e+00, -1.5023e+03]])
states:tensor([[ 1.0500e+00, -1.5023e+03,  1.0500e+00, -1.5023e+03]])
states:tensor([[ 1.0500e+00, -1.5019e+03,  1.0500e+00, -1.5019e+03]])
states:tensor([[ 1.0500e+00, -1.5023e+03,  1.0500e+00, -1.5023e+03]])
states:tensor([[ 1.0500e+00, -1.5023e+03,  1.0500e+00, -1.5023e+03]])
states:tensor([[ 1.0500e+00, -1.5023e+03,  1.0500e+00, -1.5023e+03]])
states:tensor([[ 1.0500e+00, -1.5019e+03,  1.0500e+00, -1.5019e+03]])
states:tensor([[ 1.0500e+00, -1.5023e+03,  1.0500e+00, -1.5023e+03]])
states:tensor([[ 1.0500e+00, -1.5023e+03,  1.0500e+00, -1.5023e+03]])
states:tensor([[ 1.0500e+00, -1.5023e+03,  1.0500e+00, -1.5023e+03]])
states:tensor([[ 1.0500e+00, -1.5019e+03,  1.0500e+00, -1.5019e+03]])
states:tensor([[ 1.0500e+00, -1.5023e+03,  1.0500e+00, -1.5023e+03]])
states:tensor([[ 1.0500e+00, -1.5023e+03,  1.0500e+00, -1.5023e+03]])
states:tensor([[ 1.0500e+00, -1.5023e+03,  1.0500e+00, -1.5023e+03]])
states:tensor([[ 1.0500e+00, -1.5019e+03,  1.0500e+00, -1.5019e+03]])
states:tensor([[ 1.0500e+00, -1.5023e+03,  1.0500e+00, -1.5023e+03]])
states:tensor([[ 1.0500e+00, -1.5023e+03,  1.0500e+00, -1.5023e+03]])
states:tensor([[ 1.0500e+00, -1.5023e+03,  1.0500e+00, -1.5023e+03]])
states:tensor([[ 1.0500e+00, -1.5019e+03,  1.0500e+00, -1.5019e+03]])
states:tensor([[ 1.0500e+00, -1.5023e+03,  1.0500e+00, -1.5023e+03]])
states:tensor([[ 1.0500e+00, -1.5023e+03,  1.0500e+00, -1.5023e+03]])
states:tensor([[ 1.0500e+00, -1.5023e+03,  1.0500e+00, -1.5023e+03]])
states:tensor([[ 1.0500e+00, -1.5019e+03,  1.0500e+00, -1.5019e+03]])
states:tensor([[ 1.0500e+00, -1.5023e+03,  1.0500e+00, -1.5023e+03]])
states:tensor([[ 1.0500e+00, -1.5023e+03,  1.0500e+00, -1.5023e+03]])
states:tensor([[ 1.0500e+00, -1.5023e+03,  1.0500e+00, -1.5023e+03]])
states:tensor([[ 1.0500e+00, -1.5019e+03,  1.0500e+00, -1.5019e+03]])
states:tensor([[ 1.0500e+00, -1.5023e+03,  1.0500e+00, -1.5023e+03]])
states:tensor([[ 1.0500e+00, -1.5023e+03,  1.0500e+00, -1.5023e+03]])
states:tensor([[ 1.0500e+00, -1.5023e+03,  1.0500e+00, -1.5023e+03]])
states:tensor([[ 1.0500e+00, -1.5019e+03,  1.0500e+00, -1.5019e+03]])
states:tensor([[ 1.0500e+00, -1.5023e+03,  1.0500e+00, -1.5023e+03]])
states:tensor([[ 1.0500e+00, -1.5023e+03,  1.0500e+00, -1.5023e+03]])
states:tensor([[ 1.0500e+00, -1.5023e+03,  1.0500e+00, -1.5023e+03]])
states:tensor([[ 1.0500e+00, -1.5019e+03,  1.0500e+00, -1.5019e+03]])
states:tensor([[ 1.0500e+00, -1.5023e+03,  1.0500e+00, -1.5023e+03]])
states:tensor([[ 1.0500e+00, -1.5023e+03,  1.0500e+00, -1.5023e+03]])
states:tensor([[ 1.0500e+00, -1.5023e+03,  1.0500e+00, -1.5023e+03]])
states:tensor([[ 1.0500e+00, -1.5019e+03,  1.0500e+00, -1.5019e+03]])
states:tensor([[ 1.0500e+00, -1.5023e+03,  1.0500e+00, -1.5023e+03]])
states:tensor([[ 1.0500e+00, -1.5023e+03,  1.0500e+00, -1.5023e+03]])
states:tensor([[ 1.0500e+00, -1.5023e+03,  1.0500e+00, -1.5023e+03]])
states:tensor([[ 1.0500e+00, -1.5019e+03,  1.0500e+00, -1.5019e+03]])
states:tensor([[ 1.0500e+00, -1.5023e+03,  1.0500e+00, -1.5023e+03]])
states:tensor([[ 1.0500e+00, -1.5023e+03,  1.0500e+00, -1.5023e+03]])
states:tensor([[ 1.0500e+00, -1.5023e+03,  1.0500e+00, -1.5023e+03]])
states:tensor([[ 1.0500e+00, -1.5019e+03,  1.0500e+00, -1.5019e+03]])
states:tensor([[ 1.0500e+00, -1.5023e+03,  1.0500e+00, -1.5023e+03]])
states:tensor([[ 1.0500e+00, -1.5023e+03,  1.0500e+00, -1.5023e+03]])
states:tensor([[ 1.0500e+00, -1.5023e+03,  1.0500e+00, -1.5023e+03]])
states:tensor([[ 1.0500e+00, -1.5019e+03,  1.0500e+00, -1.5019e+03]])
states:tensor([[ 1.0500e+00, -1.5023e+03,  1.0500e+00, -1.5023e+03]])
states:tensor([[ 1.0500e+00, -1.5023e+03,  1.0500e+00, -1.5023e+03]])
states:tensor([[ 1.0500e+00, -1.5023e+03,  1.0500e+00, -1.5023e+03]])
states:tensor([[ 1.0500e+00, -1.5019e+03,  1.0500e+00, -1.5019e+03]])
states:tensor([[ 1.0500e+00, -1.5023e+03,  1.0500e+00, -1.5023e+03]])
states:tensor([[ 1.0500e+00, -1.5023e+03,  1.0500e+00, -1.5023e+03]])
states:tensor([[ 1.0500e+00, -1.5023e+03,  1.0500e+00, -1.5023e+03]])
states:tensor([[ 1.0500e+00, -1.5019e+03,  1.0500e+00, -1.5019e+03]])
states:tensor([[ 1.0500e+00, -1.5023e+03,  1.0500e+00, -1.5023e+03]])
states:tensor([[ 1.0500e+00, -1.5023e+03,  1.0500e+00, -1.5023e+03]])
states:tensor([[ 1.0500e+00, -1.5023e+03,  1.0500e+00, -1.5023e+03]])
states:tensor([[ 1.0500e+00, -1.5019e+03,  1.0500e+00, -1.5019e+03]])
states:tensor([[ 1.0500e+00, -1.5023e+03,  1.0500e+00, -1.5023e+03]])
states:tensor([[ 1.0500e+00, -1.5023e+03,  1.0500e+00, -1.5023e+03]])
states:tensor([[ 1.0500e+00, -1.5023e+03,  1.0500e+00, -1.5023e+03]])
states:tensor([[ 1.0500e+00, -1.5019e+03,  1.0500e+00, -1.5019e+03]])
states:tensor([[ 1.0500e+00, -1.5023e+03,  1.0500e+00, -1.5023e+03]])
states:tensor([[ 1.0500e+00, -1.5023e+03,  1.0500e+00, -1.5023e+03]])
states:tensor([[ 1.0500e+00, -1.5023e+03,  1.0500e+00, -1.5023e+03]])
states:tensor([[ 1.0500e+00, -1.5019e+03,  1.0500e+00, -1.5019e+03]])
states:tensor([[ 1.0500e+00, -1.5023e+03,  1.0500e+00, -1.5023e+03]])
states:tensor([[ 1.0500e+00, -1.5023e+03,  1.0500e+00, -1.5023e+03]])
states:tensor([[ 1.0500e+00, -1.5023e+03,  1.0500e+00, -1.5023e+03]])
states:tensor([[ 1.0500e+00, -1.5019e+03,  1.0500e+00, -1.5019e+03]])
states:tensor([[ 1.0500e+00, -1.5023e+03,  1.0500e+00, -1.5023e+03]])
states:tensor([[ 1.0500e+00, -1.5023e+03,  1.0500e+00, -1.5023e+03]])
states:tensor([[ 1.0500e+00, -1.5023e+03,  1.0500e+00, -1.5023e+03]])
states:tensor([[ 1.0500e+00, -1.5019e+03,  1.0500e+00, -1.5019e+03]])
states:tensor([[ 1.0500e+00, -1.5023e+03,  1.0500e+00, -1.5023e+03]])
states:tensor([[ 1.0500e+00, -1.5023e+03,  1.0500e+00, -1.5023e+03]])
states:tensor([[ 1.0500e+00, -1.5023e+03,  1.0500e+00, -1.5023e+03]])
states:tensor([[ 1.0500e+00, -1.5019e+03,  1.0500e+00, -1.5019e+03]])
states:tensor([[ 1.0500e+00, -1.5023e+03,  1.0500e+00, -1.5023e+03]])
states:tensor([[ 1.0500e+00, -1.5023e+03,  1.0500e+00, -1.5023e+03]])
states:tensor([[ 1.0500e+00, -1.5023e+03,  1.0500e+00, -1.5023e+03]])
states:tensor([[ 1.0500e+00, -1.5019e+03,  1.0500e+00, -1.5019e+03]])
states:tensor([[ 1.0500e+00, -1.5023e+03,  1.0500e+00, -1.5023e+03]])
states:tensor([[ 1.0500e+00, -1.5023e+03,  1.0500e+00, -1.5023e+03]])
states:tensor([[ 1.0500e+00, -1.5023e+03,  1.0500e+00, -1.5023e+03]])
states:tensor([[ 1.0500e+00, -1.5019e+03,  1.0500e+00, -1.5019e+03]])
states:tensor([[ 1.0500e+00, -1.5023e+03,  1.0500e+00, -1.5023e+03]])
states:tensor([[ 1.0500e+00, -1.5023e+03,  1.0500e+00, -1.5023e+03]])
states:tensor([[ 1.0500e+00, -1.5023e+03,  1.0500e+00, -1.5023e+03]])
states:tensor([[ 1.0500e+00, -1.5019e+03,  1.0500e+00, -1.5019e+03]])
states:tensor([[ 1.0500e+00, -1.5023e+03,  1.0500e+00, -1.5023e+03]])
states:tensor([[ 1.0500e+00, -1.5023e+03,  1.0500e+00, -1.5023e+03]])
states:tensor([[ 1.0500e+00, -1.5023e+03,  1.0500e+00, -1.5023e+03]])
states:tensor([[ 1.0500e+00, -1.5019e+03,  1.0500e+00, -1.5019e+03]])
states:tensor([[ 1.0500e+00, -1.5023e+03,  1.0500e+00, -1.5023e+03]])
states:tensor([[ 1.0500e+00, -1.5023e+03,  1.0500e+00, -1.5023e+03]])
states:tensor([[ 1.0500e+00, -1.5023e+03,  1.0500e+00, -1.5023e+03]])
states:tensor([[ 1.0500e+00, -1.5019e+03,  1.0500e+00, -1.5019e+03]])
states:tensor([[ 1.0500e+00, -1.5023e+03,  1.0500e+00, -1.5023e+03]])
states:tensor([[ 1.0500e+00, -1.5023e+03,  1.0500e+00, -1.5023e+03]])
states:tensor([[ 1.0500e+00, -1.5023e+03,  1.0500e+00, -1.5023e+03]])
states:tensor([[ 1.0500e+00, -1.5019e+03,  1.0500e+00, -1.5019e+03]])
states:tensor([[ 1.0500e+00, -1.5023e+03,  1.0500e+00, -1.5023e+03]])
states:tensor([[ 1.0500e+00, -1.5023e+03,  1.0500e+00, -1.5023e+03]])
states:tensor([[ 1.0500e+00, -1.5023e+03,  1.0500e+00, -1.5023e+03]])
states:tensor([[ 1.0500e+00, -1.5019e+03,  1.0500e+00, -1.5019e+03]])
states:tensor([[ 1.0500e+00, -1.5023e+03,  1.0500e+00, -1.5023e+03]])
states:tensor([[ 1.0500e+00, -1.5023e+03,  1.0500e+00, -1.5023e+03]])
states:tensor([[ 1.0500e+00, -1.5023e+03,  1.0500e+00, -1.5023e+03]])
states:tensor([[ 1.0500e+00, -1.5019e+03,  1.0500e+00, -1.5019e+03]])
states:tensor([[ 1.0500e+00, -1.5023e+03,  1.0500e+00, -1.5023e+03]])
states:tensor([[ 1.0500e+00, -1.5023e+03,  1.0500e+00, -1.5023e+03]])
states:tensor([[ 1.0500e+00, -1.5023e+03,  1.0500e+00, -1.5023e+03]])
states:tensor([[ 1.0500e+00, -1.5019e+03,  1.0500e+00, -1.5019e+03]])
states:tensor([[ 1.0500e+00, -1.5023e+03,  1.0500e+00, -1.5023e+03]])
states:tensor([[ 1.0500e+00, -1.5023e+03,  1.0500e+00, -1.5023e+03]])
states:tensor([[ 1.0500e+00, -1.5023e+03,  1.0500e+00, -1.5023e+03]])
states:tensor([[ 1.0500e+00, -1.5019e+03,  1.0500e+00, -1.5019e+03]])
states:tensor([[ 1.0500e+00, -1.5023e+03,  1.0500e+00, -1.5023e+03]])
states:tensor([[ 1.0500e+00, -1.5023e+03,  1.0500e+00, -1.5023e+03]])
states:tensor([[ 1.0500e+00, -1.5023e+03,  1.0500e+00, -1.5023e+03]])
states:tensor([[ 1.0500e+00, -1.5019e+03,  1.0500e+00, -1.5019e+03]])
states:tensor([[ 1.0500e+00, -1.5023e+03,  1.0500e+00, -1.5023e+03]])
states:tensor([[ 1.0500e+00, -1.5023e+03,  1.0500e+00, -1.5023e+03]])
states:tensor([[ 1.0500e+00, -1.5023e+03,  1.0500e+00, -1.5023e+03]])
states:tensor([[ 1.0500e+00, -1.5019e+03,  1.0500e+00, -1.5019e+03]])
states:tensor([[ 1.0500e+00, -1.5023e+03,  1.0500e+00, -1.5023e+03]])
states:tensor([[ 1.0500e+00, -1.5023e+03,  1.0500e+00, -1.5023e+03]])
states:tensor([[ 1.0500e+00, -1.5023e+03,  1.0500e+00, -1.5023e+03]])
states:tensor([[ 1.0500e+00, -1.5019e+03,  1.0500e+00, -1.5019e+03]])
states:tensor([[ 1.0500e+00, -1.5023e+03,  1.0500e+00, -1.5023e+03]])
states:tensor([[ 1.0500e+00, -1.5023e+03,  1.0500e+00, -1.5023e+03]])
states:tensor([[ 1.0500e+00, -1.5023e+03,  1.0500e+00, -1.5023e+03]])
states:tensor([[ 1.0500e+00, -1.5019e+03,  1.0500e+00, -1.5019e+03]])
states:tensor([[ 1.0500e+00, -1.5023e+03,  1.0500e+00, -1.5023e+03]])
states:tensor([[ 1.0500e+00, -1.5023e+03,  1.0500e+00, -1.5023e+03]])
states:tensor([[ 1.0500e+00, -1.5023e+03,  1.0500e+00, -1.5023e+03]])
states:tensor([[ 1.0500e+00, -1.5019e+03,  1.0500e+00, -1.5019e+03]])
states:tensor([[ 1.0500e+00, -1.5023e+03,  1.0500e+00, -1.5023e+03]])
states:tensor([[ 1.0500e+00, -1.5023e+03,  1.0500e+00, -1.5023e+03]])
states:tensor([[ 1.0500e+00, -1.5023e+03,  1.0500e+00, -1.5023e+03]])
states:tensor([[ 1.0500e+00, -1.5019e+03,  1.0500e+00, -1.5019e+03]])
states:tensor([[ 1.0500e+00, -1.5023e+03,  1.0500e+00, -1.5023e+03]])
states:tensor([[ 1.0500e+00, -1.5023e+03,  1.0500e+00, -1.5023e+03]])
states:tensor([[ 1.0500e+00, -1.5023e+03,  1.0500e+00, -1.5023e+03]])
states:tensor([[ 1.0500e+00, -1.5019e+03,  1.0500e+00, -1.5019e+03]])
states:tensor([[ 1.0500e+00, -1.5023e+03,  1.0500e+00, -1.5023e+03]])
states:tensor([[ 1.0500e+00, -1.5023e+03,  1.0500e+00, -1.5023e+03]])
states:tensor([[ 1.0500e+00, -1.5023e+03,  1.0500e+00, -1.5023e+03]])
states:tensor([[ 1.0500e+00, -1.5019e+03,  1.0500e+00, -1.5019e+03]])
states:tensor([[ 1.0500e+00, -1.5023e+03,  1.0500e+00, -1.5023e+03]])
states:tensor([[ 1.0500e+00, -1.5023e+03,  1.0500e+00, -1.5023e+03]])
states:tensor([[ 1.0500e+00, -1.5023e+03,  1.0500e+00, -1.5023e+03]])
states:tensor([[ 1.0500e+00, -1.5023e+03,  1.0500e+00, -1.5023e+03]])
states:tensor([[ 1.0500e+00, -1.5023e+03,  1.0500e+00, -1.5023e+03]])
states:tensor([[ 1.0500e+00, -1.5023e+03,  1.0500e+00, -1.5023e+03]])
states:tensor([[ 1.0500e+00, -1.5019e+03,  1.0500e+00, -1.5019e+03]])
states:tensor([[ 1.0500e+00, -1.5023e+03,  1.0500e+00, -1.5023e+03]])
states:tensor([[ 1.0500e+00, -1.5023e+03,  1.0500e+00, -1.5023e+03]])
states:tensor([[ 1.0500e+00, -1.5023e+03,  1.0500e+00, -1.5023e+03]])
states:tensor([[ 1.0500e+00, -1.5019e+03,  1.0500e+00, -1.5019e+03]])
states:tensor([[ 1.0500e+00, -1.5023e+03,  1.0500e+00, -1.5023e+03]])
states:tensor([[ 1.0500e+00, -1.5023e+03,  1.0500e+00, -1.5023e+03]])
states:tensor([[ 1.0500e+00, -1.5023e+03,  1.0500e+00, -1.5023e+03]])
states:tensor([[ 1.0500e+00, -1.5019e+03,  1.0500e+00, -1.5019e+03]])
states:tensor([[ 1.0500e+00, -1.5023e+03,  1.0500e+00, -1.5023e+03]])
states:tensor([[ 1.0500e+00, -1.5023e+03,  1.0500e+00, -1.5023e+03]])
states:tensor([[ 1.0500e+00, -1.5019e+03,  1.0500e+00, -1.5019e+03]])
states:tensor([[ 1.0500e+00, -1.5023e+03,  1.0500e+00, -1.5023e+03]])
states:tensor([[ 1.0500e+00, -1.5023e+03,  1.0500e+00, -1.5023e+03]])
states:tensor([[ 1.0500e+00, -1.5023e+03,  1.0500e+00, -1.5023e+03]])
states:tensor([[ 1.0500e+00, -1.5019e+03,  1.0500e+00, -1.5019e+03]])
states:tensor([[ 1.0500e+00, -1.5023e+03,  1.0500e+00, -1.5023e+03]])
states:tensor([[ 1.0500e+00, -1.5023e+03,  1.0500e+00, -1.5023e+03]])
states:tensor([[ 1.0500e+00, -1.5023e+03,  1.0500e+00, -1.5023e+03]])
states:tensor([[ 1.0500e+00, -1.5019e+03,  1.0500e+00, -1.5019e+03]])
states:tensor([[ 1.0500e+00, -1.5023e+03,  1.0500e+00, -1.5023e+03]])
states:tensor([[ 1.0500e+00, -1.5023e+03,  1.0500e+00, -1.5023e+03]])
states:tensor([[ 1.0500e+00, -1.5019e+03,  1.0500e+00, -1.5019e+03]])
states:tensor([[ 1.0500e+00, -1.5023e+03,  1.0500e+00, -1.5023e+03]])
states:tensor([[ 1.0500e+00, -1.5023e+03,  1.0500e+00, -1.5023e+03]])
states:tensor([[ 1.0500e+00, -1.5023e+03,  1.0500e+00, -1.5023e+03]])
states:tensor([[ 1.0500e+00, -1.5019e+03,  1.0500e+00, -1.5019e+03]])
states:tensor([[ 1.0500e+00, -1.5023e+03,  1.0500e+00, -1.5023e+03]])
states:tensor([[ 1.0500e+00, -1.5023e+03,  1.0500e+00, -1.5023e+03]])
states:tensor([[ 1.0500e+00, -1.5019e+03,  1.0500e+00, -1.5019e+03]])
states:tensor([[ 1.0500e+00, -1.5023e+03,  1.0500e+00, -1.5023e+03]])
states:tensor([[ 1.0500e+00, -1.5023e+03,  1.0500e+00, -1.5023e+03]])
states:tensor([[ 1.0500e+00, -1.5023e+03,  1.0500e+00, -1.5023e+03]])
states:tensor([[ 1.0500e+00, -1.5019e+03,  1.0500e+00, -1.5019e+03]])
states:tensor([[ 1.0500e+00, -1.5023e+03,  1.0500e+00, -1.5023e+03]])
states:tensor([[ 1.0500e+00, -1.5023e+03,  1.0500e+00, -1.5023e+03]])
states:tensor([[ 1.0500e+00, -1.5023e+03,  1.0500e+00, -1.5023e+03]])
states:tensor([[ 1.0500e+00, -1.5019e+03,  1.0500e+00, -1.5019e+03]])
states:tensor([[ 1.0500e+00, -1.5023e+03,  1.0500e+00, -1.5023e+03]])
states:tensor([[ 1.0500e+00, -1.5023e+03,  1.0500e+00, -1.5023e+03]])
states:tensor([[ 1.0500e+00, -1.5023e+03,  1.0500e+00, -1.5023e+03]])
states:tensor([[ 1.0500e+00, -1.5019e+03,  1.0500e+00, -1.5019e+03]])
states:tensor([[ 1.0500e+00, -1.5023e+03,  1.0500e+00, -1.5023e+03]])
states:tensor([[ 1.0500e+00, -1.5023e+03,  1.0500e+00, -1.5023e+03]])
states:tensor([[ 1.0500e+00, -1.5023e+03,  1.0500e+00, -1.5023e+03]])
states:tensor([[ 1.0500e+00, -1.5019e+03,  1.0500e+00, -1.5019e+03]])
states:tensor([[ 1.0500e+00, -1.5023e+03,  1.0500e+00, -1.5023e+03]])
states:tensor([[ 1.0500e+00, -1.5023e+03,  1.0500e+00, -1.5023e+03]])
states:tensor([[ 1.0500e+00, -1.5023e+03,  1.0500e+00, -1.5023e+03]])
states:tensor([[ 1.0500e+00, -1.5019e+03,  1.0500e+00, -1.5019e+03]])
states:tensor([[ 1.0500e+00, -1.5023e+03,  1.0500e+00, -1.5023e+03]])
states:tensor([[ 1.0500e+00, -1.5023e+03,  1.0500e+00, -1.5023e+03]])
states:tensor([[ 1.0500e+00, -1.5023e+03,  1.0500e+00, -1.5023e+03]])
states:tensor([[ 1.0500e+00, -1.5019e+03,  1.0500e+00, -1.5019e+03]])
states:tensor([[ 1.0500e+00, -1.5023e+03,  1.0500e+00, -1.5023e+03]])
states:tensor([[ 1.0500e+00, -1.5023e+03,  1.0500e+00, -1.5023e+03]])
states:tensor([[ 1.0500e+00, -1.5023e+03,  1.0500e+00, -1.5023e+03]])
states:tensor([[ 1.0500e+00, -1.5019e+03,  1.0500e+00, -1.5019e+03]])
states:tensor([[ 1.0500e+00, -1.5023e+03,  1.0500e+00, -1.5023e+03]])
states:tensor([[ 1.0500e+00, -1.5023e+03,  1.0500e+00, -1.5023e+03]])
states:tensor([[ 1.0500e+00, -1.5023e+03,  1.0500e+00, -1.5023e+03]])
states:tensor([[ 1.0500e+00, -1.5019e+03,  1.0500e+00, -1.5019e+03]])
states:tensor([[ 1.0500e+00, -1.5023e+03,  1.0500e+00, -1.5023e+03]])
states:tensor([[ 1.0500e+00, -1.5023e+03,  1.0500e+00, -1.5023e+03]])
states:tensor([[ 1.0500e+00, -1.5023e+03,  1.0500e+00, -1.5023e+03]])
states:tensor([[ 1.0500e+00, -1.5019e+03,  1.0500e+00, -1.5019e+03]])
states:tensor([[ 1.0500e+00, -1.5023e+03,  1.0500e+00, -1.5023e+03]])
states:tensor([[ 1.0500e+00, -1.5023e+03,  1.0500e+00, -1.5023e+03]])
states:tensor([[ 1.0500e+00, -1.5023e+03,  1.0500e+00, -1.5023e+03]])
states:tensor([[ 1.0500e+00, -1.5019e+03,  1.0500e+00, -1.5019e+03]])
states:tensor([[ 1.0500e+00, -1.5023e+03,  1.0500e+00, -1.5023e+03]])
states:tensor([[ 1.0500e+00, -1.5023e+03,  1.0500e+00, -1.5023e+03]])
states:tensor([[ 1.0500e+00, -1.5023e+03,  1.0500e+00, -1.5023e+03]])
states:tensor([[ 1.0500e+00, -1.5019e+03,  1.0500e+00, -1.5019e+03]])
states:tensor([[ 1.0500e+00, -1.5023e+03,  1.0500e+00, -1.5023e+03]])
states:tensor([[ 1.0500e+00, -1.5023e+03,  1.0500e+00, -1.5023e+03]])
states:tensor([[ 1.0500e+00, -1.5023e+03,  1.0500e+00, -1.5023e+03]])
states:tensor([[ 1.0500e+00, -1.5019e+03,  1.0500e+00, -1.5019e+03]])
states:tensor([[ 1.0500e+00, -1.5023e+03,  1.0500e+00, -1.5023e+03]])
states:tensor([[ 1.0500e+00, -1.5023e+03,  1.0500e+00, -1.5023e+03]])
states:tensor([[ 1.0500e+00, -1.5023e+03,  1.0500e+00, -1.5023e+03]])
states:tensor([[ 1.0500e+00, -1.5019e+03,  1.0500e+00, -1.5019e+03]])
states:tensor([[ 1.0500e+00, -1.5023e+03,  1.0500e+00, -1.5023e+03]])
states:tensor([[ 1.0500e+00, -1.5023e+03,  1.0500e+00, -1.5023e+03]])
states:tensor([[ 1.0500e+00, -1.5023e+03,  1.0500e+00, -1.5023e+03]])
states:tensor([[ 1.0500e+00, -1.5019e+03,  1.0500e+00, -1.5019e+03]])
states:tensor([[ 1.0500e+00, -1.5023e+03,  1.0500e+00, -1.5023e+03]])
states:tensor([[ 1.0500e+00, -1.5023e+03,  1.0500e+00, -1.5023e+03]])
states:tensor([[ 1.0500e+00, -1.5023e+03,  1.0500e+00, -1.5023e+03]])
states:tensor([[ 1.0500e+00, -1.5019e+03,  1.0500e+00, -1.5019e+03]])
states:tensor([[ 1.0500e+00, -1.5023e+03,  1.0500e+00, -1.5023e+03]])
states:tensor([[ 1.0500e+00, -1.5023e+03,  1.0500e+00, -1.5023e+03]])
states:tensor([[ 1.0500e+00, -1.5023e+03,  1.0500e+00, -1.5023e+03]])
states:tensor([[ 1.0500e+00, -1.5019e+03,  1.0500e+00, -1.5019e+03]])
states:tensor([[ 1.0500e+00, -1.5023e+03,  1.0500e+00, -1.5023e+03]])
states:tensor([[ 1.0500e+00, -1.5023e+03,  1.0500e+00, -1.5023e+03]])
states:tensor([[ 1.0500e+00, -1.5023e+03,  1.0500e+00, -1.5023e+03]])
states:tensor([[ 1.0500e+00, -1.5019e+03,  1.0500e+00, -1.5019e+03]])
states:tensor([[ 1.0500e+00, -1.5023e+03,  1.0500e+00, -1.5023e+03]])
states:tensor([[ 1.0500e+00, -1.5023e+03,  1.0500e+00, -1.5023e+03]])
states:tensor([[ 1.0500e+00, -1.5023e+03,  1.0500e+00, -1.5023e+03]])
states:tensor([[ 1.0500e+00, -1.5019e+03,  1.0500e+00, -1.5019e+03]])
states:tensor([[ 1.0500e+00, -1.5023e+03,  1.0500e+00, -1.5023e+03]])
states:tensor([[ 1.0500e+00, -1.5023e+03,  1.0500e+00, -1.5023e+03]])
states:tensor([[ 1.0500e+00, -1.5023e+03,  1.0500e+00, -1.5023e+03]])
states:tensor([[ 1.0500e+00, -1.5019e+03,  1.0500e+00, -1.5019e+03]])
states:tensor([[ 1.0500e+00, -1.5023e+03,  1.0500e+00, -1.5023e+03]])
states:tensor([[ 1.0500e+00, -1.5023e+03,  1.0500e+00, -1.5023e+03]])
states:tensor([[ 1.0500e+00, -1.5023e+03,  1.0500e+00, -1.5023e+03]])
states:tensor([[ 1.0500e+00, -1.5019e+03,  1.0500e+00, -1.5019e+03]])
states:tensor([[ 1.0500e+00, -1.5023e+03,  1.0500e+00, -1.5023e+03]])
states:tensor([[ 1.0500e+00, -1.5023e+03,  1.0500e+00, -1.5023e+03]])
states:tensor([[ 1.0500e+00, -1.5023e+03,  1.0500e+00, -1.5023e+03]])
