states:tensor([[ 1.0000, -0.0041,  1.0000, -0.0041]])
states:tensor([[ 1.0000, -0.0041,  1.1000, -0.0041]])
states:tensor([[ 1.1000, -0.0041,  1.2000, -0.0041]])
states:tensor([[ 1.2000, -0.0041,  1.0000, -0.0041]])
states:tensor([[ 1.0000, -0.0041,  0.8000, -0.0041]])
states:tensor([[ 0.8000, -0.0041,  0.9500, -0.0041]])
states:tensor([[ 0.9500, -0.0041,  0.8000, -0.0041]])
states:tensor([[ 0.8000, -0.0041,  0.9500, -0.0041]])
states:tensor([[ 0.9500, -0.0041,  1.2000, -0.0041]])
states:tensor([[ 1.2000, -0.0041,  0.8000, -0.0041]])
states:tensor([[ 0.8000, -0.0041,  1.0500, -0.0041]])
states:tensor([[ 1.0500, -0.0041,  1.1000, -0.0041]])
states:tensor([[ 1.1000, -0.0041,  0.9500, -0.0041]])
states:tensor([[ 0.9500, -0.0041,  0.9500, -0.0041]])
states:tensor([[ 0.9500, -0.0041,  0.9500, -0.0041]])
states:tensor([[ 0.9500, -0.0041,  1.2000, -0.0041]])
states:tensor([[ 1.2000, -0.0041,  1.0500, -0.0041]])
states:tensor([[ 1.0500, -0.0041,  1.0000, -0.0041]])
states:tensor([[ 1.0000, -0.0041,  1.0000, -0.0041]])
states:tensor([[ 1.0000, -0.0041,  1.1000, -0.0041]])
states:tensor([[ 1.1000e+00, -4.0960e-03,  1.2000e+00, -6.1935e+00]])
states:tensor([[  1.0000, -12.9319,   1.0000, -12.9319]])
states:tensor([[  1.0000, -13.5070,   1.0000, -13.5070]])
states:tensor([[  1.0000, -14.0927,   1.0000, -14.0927]])
states:tensor([[   1.2000,   -6.1935,    0.9500, -126.8897]])
states:tensor([[   1.0000,  -12.9319,    1.0000, -149.8903]])
states:tensor([[   1.0000,  -13.5070,    1.2000, -153.2880]])
states:tensor([[   1.0000,  -14.0927,    0.9500, -148.8422]])
states:tensor([[   0.9500, -126.8897,    0.8000, -307.2634]])
states:tensor([[   1.0000, -149.8903,    0.8000, -358.7476]])
states:tensor([[   1.2000, -153.2880,    1.2000, -454.6096]])
states:tensor([[   0.9500, -148.8422,    1.2000, -461.7722]])
states:tensor([[   0.8000, -307.2634,    1.1000, -687.0534]])
states:tensor([[   0.8000, -358.7476,    0.8000, -581.3120]])
states:tensor([[   1.2000, -454.6096,    1.2000, -917.5767]])
states:tensor([[   1.2000, -461.7722,    1.0500, -927.7407]])
states:tensor([[ 1.1000e+00, -6.8705e+02,  9.5000e-01, -1.0162e+03]])
states:tensor([[ 8.0000e-01, -5.8131e+02,  1.0000e+00, -8.4905e+02]])
states:tensor([[ 1.2000e+00, -9.1758e+02,  8.0000e-01, -1.0647e+03]])
states:tensor([[ 1.0500e+00, -9.2774e+02,  8.0000e-01, -1.0684e+03]])
states:tensor([[   1.0000, -849.0514,    1.0000, -970.8152]])
states:tensor([[ 8.0000e-01, -1.0684e+03,  1.2000e+00, -1.4575e+03]])
states:tensor([[ 9.5000e-01, -1.0162e+03,  9.5000e-01, -1.0460e+03]])
states:tensor([[ 8.0000e-01, -1.0647e+03,  9.5000e-01, -1.1527e+03]])
states:tensor([[ 1.0000e+00, -9.7082e+02,  8.0000e-01, -7.7607e+02]])
states:tensor([[ 9.5000e-01, -1.1527e+03,  1.0000e+00, -1.1524e+03]])
states:tensor([[ 1.2000e+00, -1.4575e+03,  1.0500e+00, -1.5181e+03]])
states:tensor([[   0.8000, -776.0738,    0.9500, -737.1829]])
states:tensor([[ 9.5000e-01, -1.0460e+03,  1.2000e+00, -1.2555e+03]])
states:tensor([[ 1.0000e+00, -1.1524e+03,  1.0000e+00, -1.1532e+03]])
states:tensor([[ 1.0500e+00, -1.5181e+03,  1.0000e+00, -1.5181e+03]])
states:tensor([[   0.9500, -737.1829,    1.1000, -810.5388]])
states:tensor([[ 1.2000e+00, -1.2555e+03,  1.1000e+00, -1.3814e+03]])
states:tensor([[ 1.0000e+00, -1.1532e+03,  1.0000e+00, -1.1536e+03]])
states:tensor([[ 1.0000e+00, -1.5181e+03,  1.0500e+00, -1.5181e+03]])
states:tensor([[   1.1000, -810.5388,    1.0000, -810.6088]])
states:tensor([[ 1.1000e+00, -1.3814e+03,  1.0000e+00, -1.3801e+03]])
states:tensor([[   1.0000, -810.6088,    1.2000, -973.4482]])
states:tensor([[ 1.0000e+00, -1.3801e+03,  1.0000e+00, -1.3805e+03]])
states:tensor([[ 1.2000e+00, -9.7345e+02,  8.0000e-01, -7.7832e+02]])
states:tensor([[ 1.0000e+00, -1.1536e+03,  1.0000e+00, -1.1524e+03]])
states:tensor([[ 1.0500e+00, -1.5181e+03,  1.0000e+00, -1.5181e+03]])
states:tensor([[ 8.0000e-01, -7.7832e+02,  1.1000e+00, -8.5649e+02]])
states:tensor([[ 1.0000e+00, -1.5181e+03,  8.0000e-01, -1.2140e+03]])
states:tensor([[    1.1000,  -856.4861,     1.2000, -1028.0870]])
states:tensor([[ 1.0000e+00, -1.3805e+03,  1.0000e+00, -1.3808e+03]])
states:tensor([[ 1.0000e+00, -1.1524e+03,  9.5000e-01, -1.0960e+03]])
states:tensor([[ 9.5000e-01, -1.0960e+03,  8.0000e-01, -8.7604e+02]])
states:tensor([[ 8.0000e-01, -1.2140e+03,  9.5000e-01, -1.1534e+03]])
states:tensor([[ 1.2000e+00, -1.0281e+03,  1.0500e+00, -1.0805e+03]])
states:tensor([[ 1.0000e+00, -1.3808e+03,  1.2000e+00, -1.5176e+03]])
states:tensor([[ 1.0500e+00, -1.0805e+03,  1.2000e+00, -1.2966e+03]])
states:tensor([[ 8.0000e-01, -8.7604e+02,  1.0000e+00, -8.7620e+02]])
states:tensor([[ 9.5000e-01, -1.1534e+03,  8.0000e-01, -9.2193e+02]])
states:tensor([[ 1.0000e+00, -8.7620e+02,  1.2000e+00, -1.0510e+03]])
states:tensor([[ 8.0000e-01, -9.2193e+02,  1.1000e+00, -1.0143e+03]])
states:tensor([[ 1.2000e+00, -1.5176e+03,  1.0000e+00, -1.5176e+03]])
states:tensor([[ 1.2000e+00, -1.0510e+03,  1.0500e+00, -1.1041e+03]])
states:tensor([[ 1.1000e+00, -1.0143e+03,  1.2000e+00, -1.2182e+03]])
states:tensor([[ 1.2000e+00, -1.2966e+03,  1.0000e+00, -1.2968e+03]])
states:tensor([[ 1.0500e+00, -1.1041e+03,  1.1000e+00, -1.2148e+03]])
states:tensor([[ 1.2000e+00, -1.2182e+03,  1.1000e+00, -1.3399e+03]])
states:tensor([[ 1.0000e+00, -1.5176e+03,  1.2000e+00, -1.5176e+03]])
states:tensor([[ 1.0000e+00, -1.2968e+03,  1.0500e+00, -1.3621e+03]])
states:tensor([[ 1.1000e+00, -1.2148e+03,  1.1000e+00, -1.3362e+03]])
states:tensor([[ 1.1000e+00, -1.3399e+03,  1.0000e+00, -1.3407e+03]])
states:tensor([[ 1.0000e+00, -1.3407e+03,  9.5000e-01, -1.2732e+03]])
states:tensor([[ 1.2000e+00, -1.5176e+03,  9.5000e-01, -1.4426e+03]])
states:tensor([[ 1.0500e+00, -1.3621e+03,  9.5000e-01, -1.2936e+03]])
states:tensor([[ 1.1000e+00, -1.3362e+03,  1.0000e+00, -1.3371e+03]])
states:tensor([[ 9.5000e-01, -1.2732e+03,  1.0000e+00, -1.2723e+03]])
states:tensor([[ 9.5000e-01, -1.4426e+03,  8.0000e-01, -1.1532e+03]])
states:tensor([[ 9.5000e-01, -1.2936e+03,  1.0500e+00, -1.3575e+03]])
states:tensor([[ 1.0000e+00, -1.2723e+03,  9.5000e-01, -1.2093e+03]])
states:tensor([[ 8.0000e-01, -1.1532e+03,  1.0500e+00, -1.2105e+03]])
states:tensor([[ 1.0000e+00, -1.3371e+03,  1.0000e+00, -1.3363e+03]])
states:tensor([[ 1.0500e+00, -1.3575e+03,  1.1000e+00, -1.4946e+03]])
states:tensor([[ 9.5000e-01, -1.2093e+03,  1.2000e+00, -1.4519e+03]])
states:tensor([[ 1.0500e+00, -1.2105e+03,  1.2000e+00, -1.4545e+03]])
states:tensor([[ 1.1000e+00, -1.4946e+03,  1.1000e+00, -1.5184e+03]])
states:tensor([[ 1.0000e+00, -1.3363e+03,  8.0000e-01, -1.0689e+03]])
states:tensor([[ 1.2000e+00, -1.4519e+03,  1.0500e+00, -1.5189e+03]])
states:tensor([[ 1.2000e+00, -1.4545e+03,  9.5000e-01, -1.3814e+03]])
states:tensor([[ 1.1000e+00, -1.5184e+03,  1.1000e+00, -1.5189e+03]])
states:tensor([[ 8.0000e-01, -1.0689e+03,  9.5000e-01, -1.0155e+03]])
states:tensor([[ 1.0500e+00, -1.5189e+03,  1.2000e+00, -1.5189e+03]])
states:tensor([[ 9.5000e-01, -1.3814e+03,  1.0000e+00, -1.3804e+03]])
states:tensor([[ 1.1000e+00, -1.5189e+03,  9.5000e-01, -1.4415e+03]])
states:tensor([[ 9.5000e-01, -1.0155e+03,  1.0000e+00, -1.0155e+03]])
states:tensor([[ 1.2000e+00, -1.5189e+03,  1.0000e+00, -1.5181e+03]])
states:tensor([[ 1.0000e+00, -1.3804e+03,  8.0000e-01, -1.1041e+03]])
states:tensor([[ 1.0000e+00, -1.5181e+03,  8.0000e-01, -1.2140e+03]])
states:tensor([[ 8.0000e-01, -1.2140e+03,  8.0000e-01, -9.7065e+02]])
states:tensor([[ 9.5000e-01, -1.4415e+03,  1.0000e+00, -1.4417e+03]])
states:tensor([[ 1.0000e+00, -1.0155e+03,  1.0000e+00, -1.0150e+03]])
states:tensor([[ 8.0000e-01, -1.1041e+03,  1.0500e+00, -1.1593e+03]])
states:tensor([[ 1.0000e+00, -1.4417e+03,  1.1000e+00, -1.5178e+03]])
states:tensor([[ 1.0500e+00, -1.1593e+03,  8.0000e-01, -9.2726e+02]])
states:tensor([[ 8.0000e-01, -9.7065e+02,  1.1000e+00, -1.0687e+03]])
states:tensor([[ 1.0000e+00, -1.0150e+03,  1.0000e+00, -1.0144e+03]])
states:tensor([[ 1.1000e+00, -1.5178e+03,  1.2000e+00, -1.5186e+03]])
states:tensor([[ 8.0000e-01, -9.2726e+02,  1.0500e+00, -9.7413e+02]])
states:tensor([[ 1.1000e+00, -1.0687e+03,  1.0500e+00, -1.1211e+03]])
states:tensor([[ 1.0000e+00, -1.0144e+03,  1.1000e+00, -1.1172e+03]])
states:tensor([[ 1.2000e+00, -1.5186e+03,  1.0000e+00, -1.5186e+03]])
states:tensor([[ 1.1000e+00, -1.1172e+03,  9.5000e-01, -1.0608e+03]])
states:tensor([[ 1.0500e+00, -9.7413e+02,  1.2000e+00, -1.1682e+03]])
states:tensor([[ 1.0000e+00, -1.5186e+03,  8.0000e-01, -1.2138e+03]])
states:tensor([[ 9.5000e-01, -1.0608e+03,  1.2000e+00, -1.2737e+03]])
states:tensor([[ 1.0500e+00, -1.1211e+03,  8.0000e-01, -8.9737e+02]])
states:tensor([[ 8.0000e-01, -1.2138e+03,  1.2000e+00, -1.4574e+03]])
states:tensor([[ 1.2000e+00, -1.1682e+03,  9.5000e-01, -1.1109e+03]])
states:tensor([[ 1.2000e+00, -1.2737e+03,  1.0500e+00, -1.3370e+03]])
states:tensor([[ 8.0000e-01, -8.9737e+02,  1.1000e+00, -9.8644e+02]])
states:tensor([[ 9.5000e-01, -1.1109e+03,  1.0000e+00, -1.1105e+03]])
states:tensor([[ 1.2000e+00, -1.4574e+03,  1.1000e+00, -1.5189e+03]])
states:tensor([[ 1.0500e+00, -1.3370e+03,  1.0000e+00, -1.3374e+03]])
states:tensor([[ 1.0000e+00, -1.3374e+03,  1.1000e+00, -1.4717e+03]])
states:tensor([[    1.1000,  -986.4409,     1.1000, -1085.3572]])
states:tensor([[ 1.0000e+00, -1.1105e+03,  1.1000e+00, -1.2218e+03]])
states:tensor([[ 1.1000e+00, -1.5189e+03,  9.5000e-01, -1.4423e+03]])
states:tensor([[ 1.1000e+00, -1.4717e+03,  1.1000e+00, -1.5180e+03]])
states:tensor([[ 1.1000e+00, -1.5180e+03,  9.5000e-01, -1.4419e+03]])
states:tensor([[ 1.1000e+00, -1.0854e+03,  1.1000e+00, -1.1937e+03]])
states:tensor([[ 1.1000e+00, -1.2218e+03,  9.5000e-01, -1.1608e+03]])
states:tensor([[ 9.5000e-01, -1.4423e+03,  1.2000e+00, -1.5180e+03]])
states:tensor([[ 9.5000e-01, -1.4419e+03,  1.0000e+00, -1.4421e+03]])
states:tensor([[ 1.1000e+00, -1.1937e+03,  8.0000e-01, -9.5493e+02]])
states:tensor([[ 9.5000e-01, -1.1608e+03,  9.5000e-01, -1.1020e+03]])
states:tensor([[ 1.2000e+00, -1.5180e+03,  8.0000e-01, -1.2139e+03]])
states:tensor([[ 1.0000e+00, -1.4421e+03,  9.5000e-01, -1.3699e+03]])
states:tensor([[ 8.0000e-01, -9.5493e+02,  1.1000e+00, -1.0515e+03]])
states:tensor([[ 9.5000e-01, -1.1020e+03,  1.0000e+00, -1.1017e+03]])
states:tensor([[ 8.0000e-01, -1.2139e+03,  8.0000e-01, -9.7103e+02]])
states:tensor([[ 9.5000e-01, -1.3699e+03,  1.0000e+00, -1.3700e+03]])
states:tensor([[ 1.1000e+00, -1.0515e+03,  1.0500e+00, -1.1037e+03]])
states:tensor([[ 8.0000e-01, -9.7103e+02,  8.0000e-01, -7.7622e+02]])
states:tensor([[   0.8000, -776.2175,    0.9500, -737.4924]])
states:tensor([[ 1.0000e+00, -1.1017e+03,  9.5000e-01, -1.0466e+03]])
states:tensor([[ 1.0000e+00, -1.3700e+03,  1.1000e+00, -1.5075e+03]])
states:tensor([[ 1.0500e+00, -1.1037e+03,  1.2000e+00, -1.3244e+03]])
states:tensor([[ 9.5000e-01, -1.0466e+03,  9.5000e-01, -9.9399e+02]])
states:tensor([[   0.9500, -737.4924,    1.1000, -810.8591]])
states:tensor([[ 1.1000e+00, -1.5075e+03,  1.0500e+00, -1.5185e+03]])
states:tensor([[ 1.2000e+00, -1.3244e+03,  1.0500e+00, -1.3913e+03]])
states:tensor([[ 9.5000e-01, -9.9399e+02,  1.0000e+00, -9.9453e+02]])
states:tensor([[ 1.0500e+00, -1.3913e+03,  1.2000e+00, -1.5181e+03]])
states:tensor([[   1.1000, -810.8591,    1.0000, -811.0394]])
states:tensor([[ 1.2000e+00, -1.5181e+03,  1.2000e+00, -1.5180e+03]])
states:tensor([[   1.0000, -811.0394,    1.0000, -811.6905]])
states:tensor([[ 1.0500e+00, -1.5185e+03,  1.0000e+00, -1.5185e+03]])
states:tensor([[ 1.2000e+00, -1.5180e+03,  9.5000e-01, -1.4424e+03]])
states:tensor([[   1.0000, -994.5347,    1.0000, -993.9456]])
states:tensor([[   1.0000, -811.6905,    1.2000, -973.5924]])
states:tensor([[   1.2000, -973.5924,    1.0000, -973.7006]])
states:tensor([[ 1.0000e+00, -9.7370e+02,  1.1000e+00, -1.0716e+03]])
states:tensor([[ 1.0000e+00, -1.5185e+03,  9.5000e-01, -1.4430e+03]])
states:tensor([[ 9.5000e-01, -1.4424e+03,  1.0500e+00, -1.5145e+03]])
states:tensor([[ 1.0000e+00, -9.9395e+02,  1.0500e+00, -1.0448e+03]])
states:tensor([[ 1.1000e+00, -1.0716e+03,  8.0000e-01, -8.5672e+02]])
states:tensor([[ 9.5000e-01, -1.4430e+03,  8.0000e-01, -1.1536e+03]])
states:tensor([[ 1.0500e+00, -1.5145e+03,  1.2000e+00, -1.5183e+03]])
states:tensor([[ 8.0000e-01, -8.5672e+02,  8.0000e-01, -6.8466e+02]])
states:tensor([[ 1.0500e+00, -1.0448e+03,  1.1000e+00, -1.1487e+03]])
states:tensor([[ 8.0000e-01, -1.1536e+03,  1.0000e+00, -1.1532e+03]])
states:tensor([[ 1.2000e+00, -1.5183e+03,  8.0000e-01, -1.2148e+03]])
states:tensor([[ 1.1000e+00, -1.1487e+03,  1.1000e+00, -1.2637e+03]])
states:tensor([[   0.8000, -684.6581,    1.0000, -684.9288]])
states:tensor([[ 1.0000e+00, -1.1532e+03,  9.5000e-01, -1.0955e+03]])
states:tensor([[ 8.0000e-01, -1.2148e+03,  1.1000e+00, -1.3352e+03]])
states:tensor([[ 1.1000e+00, -1.2637e+03,  9.5000e-01, -1.2002e+03]])
states:tensor([[   1.0000, -684.9288,    1.1000, -753.9192]])
states:tensor([[ 9.5000e-01, -1.0955e+03,  1.1000e+00, -1.2052e+03]])
states:tensor([[ 1.1000e+00, -1.3352e+03,  1.0000e+00, -1.3361e+03]])
states:tensor([[ 9.5000e-01, -1.2002e+03,  1.0000e+00, -1.2007e+03]])
states:tensor([[ 1.0000e+00, -1.3361e+03,  1.0000e+00, -1.3353e+03]])
states:tensor([[   1.1000, -753.9192,    1.0000, -753.7238]])
states:tensor([[ 1.1000e+00, -1.2052e+03,  1.0000e+00, -1.2041e+03]])
states:tensor([[ 1.0000e+00, -1.2007e+03,  8.0000e-01, -9.5998e+02]])
states:tensor([[ 1.0000e+00, -1.2041e+03,  9.5000e-01, -1.1450e+03]])
states:tensor([[ 1.0000e+00, -1.3353e+03,  9.5000e-01, -1.2687e+03]])
states:tensor([[   1.0000, -753.7238,    0.8000, -602.4980]])
states:tensor([[ 8.0000e-01, -9.5998e+02,  9.5000e-01, -9.1149e+02]])
states:tensor([[ 9.5000e-01, -1.1450e+03,  8.0000e-01, -9.1582e+02]])
states:tensor([[ 9.5000e-01, -1.2687e+03,  8.0000e-01, -1.0142e+03]])
states:tensor([[   0.8000, -602.4980,    1.0000, -602.2227]])
states:tensor([[   1.0000, -602.2227,    0.9500, -572.2039]])
states:tensor([[ 8.0000e-01, -9.1582e+02,  1.2000e+00, -1.0982e+03]])
states:tensor([[   0.9500, -572.2039,    1.2000, -686.9044]])
states:tensor([[ 9.5000e-01, -9.1149e+02,  1.1000e+00, -1.0032e+03]])
states:tensor([[ 8.0000e-01, -1.0142e+03,  1.0500e+00, -1.0649e+03]])
states:tensor([[   1.2000, -686.9044,    1.0000, -686.6753]])
states:tensor([[ 1.2000e+00, -1.0982e+03,  1.1000e+00, -1.2098e+03]])
states:tensor([[ 1.0500e+00, -1.0649e+03,  1.1000e+00, -1.1722e+03]])
states:tensor([[ 1.1000e+00, -1.1722e+03,  1.2000e+00, -1.4062e+03]])
states:tensor([[ 1.1000e+00, -1.0032e+03,  9.5000e-01, -9.5381e+02]])
states:tensor([[   1.0000, -686.6753,    1.2000, -825.3901]])
states:tensor([[ 9.5000e-01, -9.5381e+02,  1.1000e+00, -1.0491e+03]])
states:tensor([[ 1.1000e+00, -1.2098e+03,  1.1000e+00, -1.3301e+03]])
states:tensor([[ 1.2000e+00, -1.4062e+03,  1.1000e+00, -1.5178e+03]])
states:tensor([[   1.2000, -825.3901,    1.2000, -990.7673]])
states:tensor([[ 1.1000e+00, -1.5178e+03,  1.2000e+00, -1.5178e+03]])
states:tensor([[ 1.1000e+00, -1.0491e+03,  1.0500e+00, -1.1012e+03]])
states:tensor([[   1.2000, -990.7673,    1.0000, -990.2293]])
states:tensor([[ 1.1000e+00, -1.3301e+03,  1.0000e+00, -1.3295e+03]])
states:tensor([[ 1.0500e+00, -1.1012e+03,  1.2000e+00, -1.3216e+03]])
states:tensor([[ 1.0000e+00, -1.3295e+03,  1.2000e+00, -1.5181e+03]])
states:tensor([[ 1.2000e+00, -1.3216e+03,  1.2000e+00, -1.5183e+03]])
states:tensor([[ 1.2000e+00, -1.5178e+03,  1.0500e+00, -1.5178e+03]])
states:tensor([[   1.0000, -990.2293,    1.0000, -990.4739]])
states:tensor([[ 1.2000e+00, -1.5181e+03,  1.0000e+00, -1.5185e+03]])
states:tensor([[ 1.2000e+00, -1.5183e+03,  1.1000e+00, -1.5180e+03]])
states:tensor([[ 1.0500e+00, -1.5178e+03,  8.0000e-01, -1.2144e+03]])
states:tensor([[ 1.0000e+00, -9.9047e+02,  1.0500e+00, -1.0393e+03]])
states:tensor([[ 8.0000e-01, -1.2144e+03,  1.1000e+00, -1.3356e+03]])
states:tensor([[ 1.0000e+00, -1.5185e+03,  1.1000e+00, -1.5185e+03]])
states:tensor([[ 1.1000e+00, -1.5180e+03,  1.2000e+00, -1.5180e+03]])
states:tensor([[ 1.2000e+00, -1.5180e+03,  1.2000e+00, -1.5180e+03]])
states:tensor([[ 1.0500e+00, -1.0393e+03,  1.0000e+00, -1.0396e+03]])
states:tensor([[ 1.1000e+00, -1.3356e+03,  9.5000e-01, -1.2692e+03]])
states:tensor([[ 1.1000e+00, -1.5185e+03,  8.0000e-01, -1.2146e+03]])
states:tensor([[ 8.0000e-01, -1.2146e+03,  9.5000e-01, -1.1529e+03]])
states:tensor([[ 1.2000e+00, -1.5180e+03,  1.0500e+00, -1.5180e+03]])
states:tensor([[ 1.0000e+00, -1.0396e+03,  1.0000e+00, -1.0403e+03]])
states:tensor([[ 9.5000e-01, -1.2692e+03,  1.2000e+00, -1.5177e+03]])
states:tensor([[ 1.0000e+00, -1.0403e+03,  8.0000e-01, -8.3173e+02]])
states:tensor([[ 9.5000e-01, -1.1529e+03,  1.2000e+00, -1.3838e+03]])
states:tensor([[ 1.0500e+00, -1.5180e+03,  1.2000e+00, -1.5180e+03]])
states:tensor([[ 1.2000e+00, -1.5177e+03,  1.2000e+00, -1.5177e+03]])
states:tensor([[ 8.0000e-01, -8.3173e+02,  1.0500e+00, -8.7397e+02]])
states:tensor([[ 1.2000e+00, -1.3838e+03,  1.2000e+00, -1.5179e+03]])
states:tensor([[ 1.2000e+00, -1.5180e+03,  9.5000e-01, -1.4424e+03]])
states:tensor([[ 1.2000e+00, -1.5177e+03,  9.5000e-01, -1.4423e+03]])
states:tensor([[ 9.5000e-01, -1.4424e+03,  1.1000e+00, -1.5184e+03]])
states:tensor([[   1.0500, -873.9725,    1.1000, -961.1125]])
states:tensor([[ 1.1000e+00, -1.5184e+03,  8.0000e-01, -1.2144e+03]])
states:tensor([[    1.1000,  -961.1125,     1.1000, -1057.0615]])
states:tensor([[ 1.2000e+00, -1.5179e+03,  9.5000e-01, -1.4429e+03]])
states:tensor([[ 1.1000e+00, -1.0571e+03,  8.0000e-01, -8.4573e+02]])
states:tensor([[ 9.5000e-01, -1.4429e+03,  9.5000e-01, -1.3699e+03]])
states:tensor([[ 9.5000e-01, -1.4423e+03,  9.5000e-01, -1.3700e+03]])
states:tensor([[ 8.0000e-01, -1.2144e+03,  8.0000e-01, -9.7111e+02]])
states:tensor([[ 8.0000e-01, -8.4573e+02,  1.0000e+00, -8.4559e+02]])
states:tensor([[ 9.5000e-01, -1.3699e+03,  1.2000e+00, -1.5189e+03]])
states:tensor([[ 9.5000e-01, -1.3700e+03,  1.0500e+00, -1.4380e+03]])
states:tensor([[ 8.0000e-01, -9.7111e+02,  9.5000e-01, -9.2271e+02]])
states:tensor([[   1.0000, -845.5897,    1.1000, -929.9035]])
states:tensor([[ 1.2000e+00, -1.5189e+03,  9.5000e-01, -1.4427e+03]])
states:tensor([[ 1.0500e+00, -1.4380e+03,  1.0000e+00, -1.4389e+03]])
states:tensor([[   0.9500, -922.7118,    1.0000, -921.7555]])
states:tensor([[ 1.0000e+00, -9.2176e+02,  1.1000e+00, -1.0141e+03]])
states:tensor([[ 1.1000e+00, -9.2990e+02,  8.0000e-01, -7.4293e+02]])
states:tensor([[ 9.5000e-01, -1.4427e+03,  8.0000e-01, -1.1532e+03]])
states:tensor([[ 1.0000e+00, -1.4389e+03,  1.2000e+00, -1.5187e+03]])
states:tensor([[ 1.2000e+00, -1.5187e+03,  1.0500e+00, -1.5187e+03]])
states:tensor([[ 8.0000e-01, -7.4293e+02,  1.1000e+00, -8.1847e+02]])
states:tensor([[   1.1000, -818.4719,    1.0000, -818.1385]])
states:tensor([[ 1.1000e+00, -1.0141e+03,  1.1000e+00, -1.1170e+03]])
states:tensor([[ 8.0000e-01, -1.1532e+03,  1.1000e+00, -1.2684e+03]])
states:tensor([[ 1.1000e+00, -1.1170e+03,  1.1000e+00, -1.2284e+03]])
states:tensor([[ 1.0500e+00, -1.5187e+03,  1.2000e+00, -1.5187e+03]])
states:tensor([[   1.0000, -818.1385,    1.0000, -818.7043]])
states:tensor([[ 1.1000e+00, -1.2684e+03,  9.5000e-01, -1.2058e+03]])
states:tensor([[ 1.1000e+00, -1.2284e+03,  1.1000e+00, -1.3509e+03]])
states:tensor([[ 1.2000e+00, -1.5187e+03,  1.0000e+00, -1.5187e+03]])
states:tensor([[ 1.0000e+00, -8.1870e+02,  8.0000e-01, -6.5382e+02]])
states:tensor([[ 1.0000e+00, -1.5187e+03,  1.0500e+00, -1.5179e+03]])
states:tensor([[ 9.5000e-01, -1.2058e+03,  1.1000e+00, -1.3263e+03]])
states:tensor([[ 1.0500e+00, -1.5179e+03,  1.1000e+00, -1.5187e+03]])
states:tensor([[   0.8000, -653.8177,    1.0500, -687.0490]])
states:tensor([[ 1.1000e+00, -1.3509e+03,  1.2000e+00, -1.5164e+03]])
states:tensor([[   1.0500, -687.0490,    1.0500, -721.6747]])
states:tensor([[ 1.2000e+00, -1.5164e+03,  1.2000e+00, -1.5180e+03]])
states:tensor([[ 1.1000e+00, -1.3263e+03,  1.0500e+00, -1.3911e+03]])
states:tensor([[ 1.1000e+00, -1.5187e+03,  1.0000e+00, -1.5171e+03]])
states:tensor([[   1.0500, -721.6747,    0.8000, -576.9436]])
states:tensor([[ 1.2000e+00, -1.5180e+03,  9.5000e-01, -1.4421e+03]])
states:tensor([[ 9.5000e-01, -1.4421e+03,  1.0000e+00, -1.4423e+03]])
states:tensor([[ 1.0500e+00, -1.3911e+03,  1.2000e+00, -1.5185e+03]])
states:tensor([[ 1.0000e+00, -1.5171e+03,  9.5000e-01, -1.4416e+03]])
states:tensor([[ 1.0000e+00, -1.4423e+03,  1.2000e+00, -1.5186e+03]])
states:tensor([[ 1.2000e+00, -1.5186e+03,  1.1000e+00, -1.5183e+03]])
states:tensor([[   0.8000, -576.9436,    1.2000, -692.1490]])
states:tensor([[ 9.5000e-01, -1.4416e+03,  1.0000e+00, -1.4425e+03]])
states:tensor([[   1.2000, -692.1490,    1.2000, -831.2183]])
states:tensor([[ 1.0000e+00, -1.4425e+03,  1.0000e+00, -1.4424e+03]])
states:tensor([[ 1.2000e+00, -1.5185e+03,  1.0000e+00, -1.5185e+03]])
states:tensor([[ 1.0000e+00, -1.4424e+03,  1.1000e+00, -1.5186e+03]])
states:tensor([[ 1.1000e+00, -1.5183e+03,  1.0000e+00, -1.5184e+03]])
states:tensor([[ 1.1000e+00, -1.5186e+03,  9.5000e-01, -1.4420e+03]])
states:tensor([[   1.2000, -831.2183,    1.0000, -831.5057]])
states:tensor([[ 9.5000e-01, -1.4420e+03,  1.0500e+00, -1.5146e+03]])
states:tensor([[ 1.0000e+00, -1.5185e+03,  1.1000e+00, -1.5185e+03]])
states:tensor([[ 1.0500e+00, -1.5146e+03,  9.5000e-01, -1.4388e+03]])
states:tensor([[   1.0000, -831.5057,    1.2000, -997.5029]])
states:tensor([[ 1.0000e+00, -1.5184e+03,  1.0000e+00, -1.5184e+03]])
states:tensor([[ 9.5000e-01, -1.4388e+03,  8.0000e-01, -1.1506e+03]])
states:tensor([[ 1.1000e+00, -1.5185e+03,  8.0000e-01, -1.2140e+03]])
states:tensor([[    1.2000,  -997.5029,     1.2000, -1197.7515]])
states:tensor([[ 1.0000e+00, -1.5184e+03,  1.0000e+00, -1.5184e+03]])
states:tensor([[ 8.0000e-01, -1.1506e+03,  8.0000e-01, -9.1921e+02]])
states:tensor([[ 8.0000e-01, -9.1921e+02,  1.0000e+00, -9.2006e+02]])
states:tensor([[ 8.0000e-01, -1.2140e+03,  1.0000e+00, -1.2143e+03]])
states:tensor([[ 1.2000e+00, -1.1978e+03,  1.2000e+00, -1.4378e+03]])
states:tensor([[ 1.0000e+00, -1.5184e+03,  1.2000e+00, -1.5184e+03]])
states:tensor([[   1.0000, -920.0591,    1.0500, -966.0292]])
states:tensor([[ 1.0000e+00, -1.2143e+03,  8.0000e-01, -9.7092e+02]])
states:tensor([[ 1.2000e+00, -1.4378e+03,  8.0000e-01, -1.1497e+03]])
states:tensor([[ 8.0000e-01, -9.7092e+02,  1.1000e+00, -1.0679e+03]])
states:tensor([[ 1.2000e+00, -1.5184e+03,  1.1000e+00, -1.5184e+03]])
states:tensor([[ 8.0000e-01, -1.1497e+03,  8.0000e-01, -9.2005e+02]])
states:tensor([[ 8.0000e-01, -9.2005e+02,  1.1000e+00, -1.0124e+03]])
states:tensor([[ 1.0500e+00, -9.6603e+02,  1.2000e+00, -1.1598e+03]])
states:tensor([[ 1.2000e+00, -1.1598e+03,  8.0000e-01, -9.2713e+02]])
states:tensor([[ 1.1000e+00, -1.0679e+03,  1.1000e+00, -1.1748e+03]])
states:tensor([[ 1.1000e+00, -1.5184e+03,  1.0000e+00, -1.5184e+03]])
states:tensor([[ 1.1000e+00, -1.0124e+03,  1.0000e+00, -1.0126e+03]])
states:tensor([[ 8.0000e-01, -9.2713e+02,  1.0500e+00, -9.7403e+02]])
states:tensor([[ 1.1000e+00, -1.1748e+03,  9.5000e-01, -1.1161e+03]])
states:tensor([[ 1.0000e+00, -1.5184e+03,  1.0500e+00, -1.5184e+03]])
states:tensor([[ 1.0500e+00, -9.7403e+02,  1.1000e+00, -1.0709e+03]])
states:tensor([[ 1.0500e+00, -1.5184e+03,  1.0000e+00, -1.5184e+03]])
states:tensor([[ 1.0000e+00, -1.0126e+03,  1.0500e+00, -1.0619e+03]])
states:tensor([[ 9.5000e-01, -1.1161e+03,  8.0000e-01, -8.9209e+02]])
states:tensor([[ 1.1000e+00, -1.0709e+03,  8.0000e-01, -8.5609e+02]])
states:tensor([[ 1.0000e+00, -1.5184e+03,  1.1000e+00, -1.5184e+03]])
states:tensor([[ 8.0000e-01, -8.5609e+02,  1.0500e+00, -8.9908e+02]])
states:tensor([[ 1.0500e+00, -1.0619e+03,  9.5000e-01, -1.0085e+03]])
states:tensor([[ 9.5000e-01, -1.0085e+03,  1.0000e+00, -1.0090e+03]])
states:tensor([[ 8.0000e-01, -8.9209e+02,  1.0000e+00, -8.9280e+02]])
states:tensor([[ 1.1000e+00, -1.5184e+03,  1.2000e+00, -1.5184e+03]])
states:tensor([[   1.0500, -899.0850,    1.0500, -944.8239]])
states:tensor([[ 1.2000e+00, -1.5184e+03,  1.0000e+00, -1.5176e+03]])
states:tensor([[ 1.0000e+00, -1.0090e+03,  1.1000e+00, -1.1112e+03]])
states:tensor([[   1.0000, -892.8038,    1.1000, -982.5948]])
states:tensor([[ 1.0000e+00, -1.5176e+03,  1.0000e+00, -1.5176e+03]])
states:tensor([[ 1.0500e+00, -9.4482e+02,  8.0000e-01, -7.5498e+02]])
states:tensor([[ 1.1000e+00, -1.1112e+03,  9.5000e-01, -1.0545e+03]])
states:tensor([[    1.1000,  -982.5948,     1.0500, -1030.6545]])
states:tensor([[ 1.0000e+00, -1.5176e+03,  8.0000e-01, -1.2142e+03]])
states:tensor([[ 9.5000e-01, -1.0545e+03,  1.0000e+00, -1.0543e+03]])
states:tensor([[ 8.0000e-01, -7.5498e+02,  1.2000e+00, -9.0617e+02]])
states:tensor([[ 1.2000e+00, -9.0617e+02,  8.0000e-01, -7.2488e+02]])
states:tensor([[ 1.0500e+00, -1.0307e+03,  1.0500e+00, -1.0829e+03]])
states:tensor([[ 8.0000e-01, -1.2142e+03,  1.1000e+00, -1.3361e+03]])
states:tensor([[ 1.0000e+00, -1.0543e+03,  1.0000e+00, -1.0538e+03]])
states:tensor([[   0.8000, -724.8760,    1.0000, -725.0461]])
states:tensor([[ 1.0500e+00, -1.0829e+03,  1.1000e+00, -1.1908e+03]])
states:tensor([[ 1.1000e+00, -1.3361e+03,  9.5000e-01, -1.2693e+03]])
states:tensor([[ 1.0000e+00, -1.0538e+03,  1.0500e+00, -1.1076e+03]])
states:tensor([[   1.0000, -725.0461,    1.0500, -761.2822]])
states:tensor([[ 9.5000e-01, -1.2693e+03,  8.0000e-01, -1.0148e+03]])
states:tensor([[ 1.1000e+00, -1.1908e+03,  8.0000e-01, -9.5291e+02]])
states:tensor([[   1.0500, -761.2822,    0.9500, -722.9432]])
states:tensor([[ 8.0000e-01, -1.0148e+03,  9.5000e-01, -9.6323e+02]])
states:tensor([[ 1.0500e+00, -1.1076e+03,  9.5000e-01, -1.0507e+03]])
states:tensor([[ 8.0000e-01, -9.5291e+02,  9.5000e-01, -9.0463e+02]])
states:tensor([[   0.9500, -722.9432,    1.0000, -722.9164]])
states:tensor([[ 9.5000e-01, -9.6323e+02,  9.5000e-01, -9.1474e+02]])
states:tensor([[   0.9500, -904.6328,    1.0000, -905.0126]])
