states:tensor([[ 1.0000, -0.0041,  1.0000, -0.0041]])
states:tensor([[ 1.0000, -0.0041,  1.0500, -0.0041]])
states:tensor([[ 1.0500, -0.0041,  1.0500, -0.0041]])
states:tensor([[ 1.0500, -0.0041,  1.2000, -0.0041]])
states:tensor([[ 1.2000, -0.0041,  0.9500, -0.0041]])
states:tensor([[ 0.9500, -0.0041,  1.2000, -0.0041]])
states:tensor([[ 1.2000, -0.0041,  0.8000, -0.0041]])
states:tensor([[ 0.8000, -0.0041,  1.2000, -0.0041]])
states:tensor([[ 1.2000, -0.0041,  0.8000, -0.0041]])
states:tensor([[ 0.8000, -0.0041,  1.2000, -0.0041]])
states:tensor([[ 1.2000, -0.0041,  0.8000, -0.0041]])
states:tensor([[ 0.8000, -0.0041,  1.2000, -0.0041]])
states:tensor([[ 1.2000, -0.0041,  0.8000, -0.0041]])
states:tensor([[ 0.8000, -0.0041,  1.2000, -0.0041]])
states:tensor([[ 1.2000, -0.0041,  0.8000, -0.0041]])
states:tensor([[ 0.8000, -0.0041,  1.2000, -0.0041]])
states:tensor([[ 1.2000, -0.0041,  0.8000, -0.0041]])
states:tensor([[ 0.8000, -0.0041,  1.2000, -0.0041]])
states:tensor([[ 1.2000, -0.0041,  0.8000, -0.0041]])
states:tensor([[ 0.8000, -0.0041,  1.2000, -0.0041]])
states:tensor([[ 1.2000, -0.0041,  0.8000, -3.0574]])
states:tensor([[  1.0000, -11.9719,   1.0000, -11.9719]])
states:tensor([[  1.0000, -12.6670,   1.0000, -12.6670]])
states:tensor([[  1.0000, -13.1890,   1.0000, -13.1890]])
states:tensor([[  0.8000,  -3.0574,   0.8000, -65.9505]])
states:tensor([[   1.0000,  -11.9719,    1.2000, -140.6605]])
states:tensor([[   1.0000,  -12.6670,    1.2000, -144.2757]])
states:tensor([[   1.0000,  -13.1890,    1.2000, -147.3000]])
states:tensor([[   0.8000,  -65.9505,    1.0500, -209.6363]])
states:tensor([[   1.2000, -140.6605,    1.2000, -422.2507]])
states:tensor([[   1.2000, -144.2757,    1.2000, -428.4976]])
states:tensor([[   1.2000, -147.3000,    1.2000, -433.6982]])
states:tensor([[   1.0500, -209.6363,    1.0500, -442.3846]])
states:tensor([[   1.2000, -422.2507,    1.0500, -856.4312]])
states:tensor([[   1.2000, -428.4976,    1.0500, -865.2049]])
states:tensor([[   1.2000, -433.6982,    1.0500, -872.4747]])
states:tensor([[   1.0500, -442.3846,    1.0500, -741.1807]])
states:tensor([[ 1.0500e+00, -8.5643e+02,  1.1000e+00, -1.2030e+03]])
states:tensor([[ 1.0500e+00, -8.6520e+02,  1.1000e+00, -1.2062e+03]])
states:tensor([[ 1.0500e+00, -8.7247e+02,  1.1000e+00, -1.2110e+03]])
states:tensor([[   1.0500, -741.1807,    1.0500, -875.8705]])
states:tensor([[ 1.1000e+00, -1.2030e+03,  1.0000e+00, -1.5699e+03]])
states:tensor([[ 1.1000e+00, -1.2062e+03,  1.0000e+00, -1.5699e+03]])
states:tensor([[ 1.1000e+00, -1.2110e+03,  1.0000e+00, -1.5699e+03]])
states:tensor([[   1.0500, -875.8705,    1.0500, -962.6160]])
states:tensor([[ 1.0000e+00, -1.5699e+03,  1.0500e+00, -1.5699e+03]])
states:tensor([[ 1.0000e+00, -1.5699e+03,  1.0500e+00, -1.5699e+03]])
states:tensor([[ 1.0000e+00, -1.5699e+03,  1.0500e+00, -1.5699e+03]])
states:tensor([[    1.0500,  -962.6160,     1.0500, -1011.3372]])
states:tensor([[ 1.0500e+00, -1.5699e+03,  1.0500e+00, -1.5699e+03]])
states:tensor([[ 1.0500e+00, -1.5699e+03,  1.0500e+00, -1.5699e+03]])
states:tensor([[ 1.0500e+00, -1.5699e+03,  1.0500e+00, -1.5699e+03]])
states:tensor([[ 1.0500e+00, -1.0113e+03,  1.0500e+00, -1.0623e+03]])
states:tensor([[ 1.0500e+00, -1.5699e+03,  1.0500e+00, -1.5699e+03]])
states:tensor([[ 1.0500e+00, -1.5699e+03,  1.0500e+00, -1.5699e+03]])
states:tensor([[ 1.0500e+00, -1.5699e+03,  1.0500e+00, -1.5699e+03]])
states:tensor([[ 1.0500e+00, -1.0623e+03,  1.0500e+00, -1.1149e+03]])
states:tensor([[ 1.0500e+00, -1.5699e+03,  1.0500e+00, -1.5699e+03]])
states:tensor([[ 1.0500e+00, -1.5699e+03,  1.0500e+00, -1.5699e+03]])
states:tensor([[ 1.0500e+00, -1.5699e+03,  1.0500e+00, -1.5699e+03]])
states:tensor([[ 1.0500e+00, -1.1149e+03,  1.0500e+00, -1.1709e+03]])
states:tensor([[ 1.0500e+00, -1.5699e+03,  1.0500e+00, -1.5699e+03]])
states:tensor([[ 1.0500e+00, -1.5699e+03,  1.0500e+00, -1.5699e+03]])
states:tensor([[ 1.0500e+00, -1.5699e+03,  1.0500e+00, -1.5699e+03]])
states:tensor([[ 1.0500e+00, -1.1709e+03,  1.0500e+00, -1.2299e+03]])
states:tensor([[ 1.0500e+00, -1.5699e+03,  1.0500e+00, -1.5699e+03]])
states:tensor([[ 1.0500e+00, -1.2299e+03,  1.0500e+00, -1.2910e+03]])
states:tensor([[ 1.0500e+00, -1.5699e+03,  1.0500e+00, -1.5699e+03]])
states:tensor([[ 1.0500e+00, -1.5699e+03,  1.0500e+00, -1.5699e+03]])
states:tensor([[ 1.0500e+00, -1.5699e+03,  1.0500e+00, -1.5699e+03]])
states:tensor([[ 1.0500e+00, -1.5699e+03,  1.0500e+00, -1.5699e+03]])
states:tensor([[ 1.0500e+00, -1.5699e+03,  1.0500e+00, -1.5699e+03]])
states:tensor([[ 1.0500e+00, -1.2910e+03,  1.0500e+00, -1.3565e+03]])
states:tensor([[ 1.0500e+00, -1.5699e+03,  1.0500e+00, -1.5699e+03]])
states:tensor([[ 1.0500e+00, -1.5699e+03,  1.0500e+00, -1.5699e+03]])
states:tensor([[ 1.0500e+00, -1.5699e+03,  1.0500e+00, -1.5699e+03]])
states:tensor([[ 1.0500e+00, -1.3565e+03,  1.0500e+00, -1.4247e+03]])
states:tensor([[ 1.0500e+00, -1.5699e+03,  1.0500e+00, -1.5699e+03]])
states:tensor([[ 1.0500e+00, -1.5699e+03,  1.0500e+00, -1.5699e+03]])
states:tensor([[ 1.0500e+00, -1.5699e+03,  1.0500e+00, -1.5699e+03]])
states:tensor([[ 1.0500e+00, -1.4247e+03,  1.0500e+00, -1.4962e+03]])
states:tensor([[ 1.0500e+00, -1.5699e+03,  1.0500e+00, -1.5699e+03]])
states:tensor([[ 1.0500e+00, -1.4962e+03,  1.0500e+00, -1.5705e+03]])
states:tensor([[ 1.0500e+00, -1.5699e+03,  1.0500e+00, -1.5699e+03]])
states:tensor([[ 1.0500e+00, -1.5699e+03,  1.0500e+00, -1.5699e+03]])
states:tensor([[ 1.0500e+00, -1.5699e+03,  1.0500e+00, -1.5699e+03]])
states:tensor([[ 1.0500e+00, -1.5699e+03,  1.0500e+00, -1.5699e+03]])
states:tensor([[ 1.0500e+00, -1.5699e+03,  1.0500e+00, -1.5699e+03]])
states:tensor([[ 1.0500e+00, -1.5705e+03,  1.0500e+00, -1.5706e+03]])
states:tensor([[ 1.0500e+00, -1.5699e+03,  1.0500e+00, -1.5699e+03]])
states:tensor([[ 1.0500e+00, -1.5699e+03,  1.0500e+00, -1.5699e+03]])
states:tensor([[ 1.0500e+00, -1.5699e+03,  1.0500e+00, -1.5699e+03]])
states:tensor([[ 1.0500e+00, -1.5706e+03,  1.0500e+00, -1.5706e+03]])
states:tensor([[ 1.0500e+00, -1.5699e+03,  1.0500e+00, -1.5699e+03]])
states:tensor([[ 1.0500e+00, -1.5699e+03,  1.0500e+00, -1.5699e+03]])
states:tensor([[ 1.0500e+00, -1.5699e+03,  1.0500e+00, -1.5699e+03]])
states:tensor([[ 1.0500e+00, -1.5706e+03,  1.0500e+00, -1.5706e+03]])
states:tensor([[ 1.0500e+00, -1.5699e+03,  1.0500e+00, -1.5699e+03]])
states:tensor([[ 1.0500e+00, -1.5699e+03,  1.0500e+00, -1.5699e+03]])
states:tensor([[ 1.0500e+00, -1.5699e+03,  1.0500e+00, -1.5699e+03]])
states:tensor([[ 1.0500e+00, -1.5706e+03,  1.0500e+00, -1.5706e+03]])
states:tensor([[ 1.0500e+00, -1.5699e+03,  1.0500e+00, -1.5699e+03]])
states:tensor([[ 1.0500e+00, -1.5699e+03,  1.0500e+00, -1.5699e+03]])
states:tensor([[ 1.0500e+00, -1.5699e+03,  1.0500e+00, -1.5699e+03]])
states:tensor([[ 1.0500e+00, -1.5706e+03,  1.0500e+00, -1.5706e+03]])
states:tensor([[ 1.0500e+00, -1.5699e+03,  1.0500e+00, -1.5699e+03]])
states:tensor([[ 1.0500e+00, -1.5699e+03,  1.0500e+00, -1.5699e+03]])
states:tensor([[ 1.0500e+00, -1.5699e+03,  1.0500e+00, -1.5699e+03]])
states:tensor([[ 1.0500e+00, -1.5706e+03,  1.0500e+00, -1.5706e+03]])
states:tensor([[ 1.0500e+00, -1.5699e+03,  1.0500e+00, -1.5699e+03]])
states:tensor([[ 1.0500e+00, -1.5699e+03,  1.0500e+00, -1.5699e+03]])
states:tensor([[ 1.0500e+00, -1.5699e+03,  1.0500e+00, -1.5699e+03]])
states:tensor([[ 1.0500e+00, -1.5706e+03,  1.0500e+00, -1.5706e+03]])
states:tensor([[ 1.0500e+00, -1.5699e+03,  1.0500e+00, -1.5699e+03]])
states:tensor([[ 1.0500e+00, -1.5699e+03,  1.0500e+00, -1.5699e+03]])
states:tensor([[ 1.0500e+00, -1.5699e+03,  1.0500e+00, -1.5699e+03]])
states:tensor([[ 1.0500e+00, -1.5706e+03,  1.0500e+00, -1.5706e+03]])
states:tensor([[ 1.0500e+00, -1.5699e+03,  1.0500e+00, -1.5699e+03]])
states:tensor([[ 1.0500e+00, -1.5699e+03,  1.0500e+00, -1.5699e+03]])
states:tensor([[ 1.0500e+00, -1.5699e+03,  1.0500e+00, -1.5699e+03]])
states:tensor([[ 1.0500e+00, -1.5706e+03,  1.0500e+00, -1.5706e+03]])
states:tensor([[ 1.0500e+00, -1.5699e+03,  1.0500e+00, -1.5699e+03]])
states:tensor([[ 1.0500e+00, -1.5699e+03,  1.0500e+00, -1.5699e+03]])
states:tensor([[ 1.0500e+00, -1.5699e+03,  1.0500e+00, -1.5699e+03]])
states:tensor([[ 1.0500e+00, -1.5706e+03,  1.0500e+00, -1.5706e+03]])
